1.158436891404226898e+00
1.125889394447470382e+00
1.098405305746048111e+00
1.062634110248557917e+00
1.044878100867672632e+00
1.042158329927613813e+00
1.033445520723286659e+00
1.026796672397180643e+00
1.026232965401749020e+00
1.016013546868289374e+00
1.009038189939113206e+00
1.005125647150434842e+00
1.007445778884751730e+00
1.001057526099228934e+00
1.000032403292778982e+00
1.000135376685509891e+00
9.937389539491531254e-01
9.937648269950616342e-01
9.892039160412234855e-01
9.912266642603331235e-01
9.902666809095456157e-01
9.874958346118920538e-01
9.843213472975319567e-01
9.847991607345266685e-01
9.853945951024261074e-01
9.848610969561087947e-01
9.779431810817368342e-01
9.817364543898781104e-01
9.810573333922364414e-01
9.887966837031384459e-01
9.792826256867663837e-01
9.779948240279989768e-01
9.740330863193060740e-01
9.747504097797492495e-01
9.745436853336186811e-01
9.711259884034438850e-01
9.696443896118950301e-01
9.695472240427778221e-01
9.690672155656677722e-01
9.703876446209737106e-01
9.646129639796517941e-01
9.643099921347327852e-01
9.641999586142872003e-01
9.702182811668478291e-01
9.672088574522061943e-01
9.639092091081746805e-01
9.610778662594720023e-01
9.633035792929993679e-01
9.607789756545702664e-01
9.569690793125891215e-01
9.577634901900142772e-01
9.576646975030569386e-01
9.616548405755488416e-01
9.568457673411194797e-01
9.570838640794016028e-01
9.532810298971113872e-01
9.531972818733717157e-01
9.542636909348993779e-01
9.526578169846793287e-01
9.548071114854379537e-01
9.553832374968069807e-01
9.554301770542985572e-01
9.571880625922288832e-01
9.503778456489136994e-01
9.468203133207162558e-01
9.507264249643445631e-01
9.540161362456175409e-01
9.500201984006644285e-01
9.476562307255400608e-01
9.635941844782318633e-01
9.824958024912967547e-01
9.627815009861820927e-01
9.554349986717528553e-01
9.501076927724493304e-01
9.450040009666329510e-01
9.447046624473832699e-01
9.434310219059804936e-01
9.438279675398137947e-01
9.411972151156844379e-01
9.429573622030513746e-01
9.459646886146376721e-01
9.459195384298282328e-01
9.439260753900257095e-01
9.385581316484525871e-01
9.454085882222394988e-01
9.385391817689752170e-01
9.384529455141588095e-01
9.388890444646048605e-01
9.370447007921528515e-01
9.358597110092559124e-01
9.411744760144679089e-01
9.404905745544782647e-01
9.372399724625667394e-01
9.352129279879733970e-01
9.380767402748401151e-01
9.376706302347952438e-01
9.354908001916217852e-01
9.351276687398207832e-01
9.350521136656545496e-01
9.363219843042591695e-01
9.438256406133016529e-01
9.399001209553092817e-01
9.333437771070116629e-01
9.329650258011054076e-01
9.337898215311838390e-01
9.359751490716856637e-01
9.331773570365951009e-01
9.335008978419095937e-01
9.333970511643016055e-01
9.289845468494105640e-01
9.278845626613178021e-01
9.291261892507973741e-01
9.238116545665862045e-01
9.298014684783716399e-01
9.329412293543323242e-01
9.280674844232148502e-01
9.304390006384015699e-01
9.273798015863310429e-01
9.311313159167362574e-01
9.275314369449945140e-01
9.302117705163185368e-01
9.297921508550643921e-01
9.288840883157469808e-01
9.248543265332522800e-01
9.295883623824998665e-01
9.238698179334442484e-01
9.226581130373915363e-01
9.214419380052766284e-01
9.265975247527722392e-01
9.244029808946186977e-01
9.240776328332065415e-01
9.218176592399176528e-01
9.232967080222379552e-01
9.253112544562146491e-01
9.245056595344961492e-01
9.227925365035052341e-01
9.215799414602030559e-01
9.242292362160404728e-01
9.185205658384708594e-01
9.175742159684768806e-01
9.197408745578380396e-01
9.222340749594378773e-01
9.179632665546487713e-01
9.168126226138711976e-01
9.160706296947302985e-01
9.210872194821992931e-01
9.235968067433326656e-01
9.171877836396605810e-01
9.204264758319026241e-01
9.174985419074263016e-01
9.151380888743672060e-01
9.172060870574318958e-01
9.167557104491961262e-01
9.204668900051142799e-01
9.223345568254488480e-01
9.231331237519773136e-01
9.160511341638448712e-01
9.147445253492048067e-01
9.131255548452424931e-01
9.149636274135419800e-01
9.167586924606779819e-01
9.139362225053753175e-01
9.166262087638374911e-01
9.202516027997922343e-01
9.208580899675309350e-01
9.184943957903815015e-01
9.214291304167931962e-01
9.242557110707181334e-01
9.223076310943877365e-01
9.175264586263628397e-01
9.145495344453783426e-01
9.132886728527103148e-01
9.123329434902729407e-01
9.169874961110112688e-01
9.210561711841553922e-01
9.154985968625043435e-01
9.166662062100024988e-01
9.152348881721334983e-01
9.109123310976467991e-01
9.118411197672058321e-01
9.261118762569156004e-01
9.142014583423633267e-01
9.115179304837209839e-01
9.126270533800935336e-01
9.121810900934516075e-01
9.120437625689454819e-01
9.103096961125913822e-01
9.097029476286274674e-01
9.083474710118656370e-01
9.064782751140310069e-01
9.088268515880103537e-01
9.086973812213746671e-01
9.098708754862826487e-01
9.140123848372431192e-01
9.120319084020449552e-01
9.134703256199933064e-01
9.096205392334322237e-01
9.140698102731232844e-01
9.130072773028585775e-01
9.159433527507161443e-01
9.113485830933300003e-01
9.095625447531405783e-01
9.125416109608827098e-01
9.090528885961549621e-01
9.126632935095836396e-01
9.085410210421482891e-01
9.109240889427943078e-01
9.107675033759228267e-01
9.083844190071687086e-01
9.054497323697747735e-01
9.033607417159036368e-01
9.071219220272236372e-01
9.114112670620552192e-01
9.173602953634074630e-01
9.069774815638320664e-01
9.030359229085564987e-01
9.031112964493771544e-01
9.065423775236836068e-01
9.115554554087175188e-01
9.070587553882534237e-01
9.061596933777571472e-01
9.054002479588159069e-01
9.069151822957772779e-01
9.100554836370566836e-01
9.077252126128249055e-01
9.096734441078825339e-01
9.121820539883066514e-01
9.133056922533941968e-01
9.087972893118049234e-01
9.085224358974026693e-01
9.081466646114392249e-01
9.063079718050510714e-01
9.063889097872226408e-01
9.062096617377921604e-01
9.055810532503567600e-01
9.116269505735652423e-01
9.027198473727040540e-01
9.038742892899053194e-01
9.074384095488441382e-01
9.022001686987430880e-01
9.013472089753706840e-01
9.021902739738836274e-01
9.078893992377587985e-01
9.100513374445556858e-01
9.034648156210558501e-01
9.037482089879879110e-01
9.074852677565092840e-01
9.144155557597184458e-01
9.145181009411973427e-01
9.024647699019479052e-01
