2.804447750991849730e+00
2.432720037366755239e+00
2.360015282708155748e+00
2.309886712838707279e+00
2.276083357076146729e+00
2.233811421645868656e+00
2.201491730002082203e+00
2.144561100392280206e+00
2.141266092000936094e+00
2.095288029842816702e+00
2.072357598656795918e+00
2.051177182132466470e+00
2.018716674869225347e+00
1.991759034487819324e+00
1.969536672150425494e+00
1.938431356814936501e+00
1.935053617965172279e+00
1.902694007788697350e+00
1.874671036840051430e+00
1.871502942609091447e+00
1.828524644947844724e+00
1.826205410255343997e+00
1.812652950664145779e+00
1.823182198376959828e+00
1.781062480289706373e+00
1.769640079164925384e+00
1.748273854855362019e+00
1.715788004305744519e+00
1.703793405556452090e+00
1.699726562011921294e+00
1.691098665376288723e+00
1.657318157885663279e+00
1.622170505309768140e+00
1.626524850058911564e+00
1.615307472373284314e+00
1.598787733756784402e+00
1.573375109699396868e+00
1.579169289834463585e+00
1.568368295518481670e+00
1.530864705102899848e+00
1.542146097459253129e+00
1.496847863709667825e+00
1.490646466056802177e+00
1.479102819561553872e+00
1.477973883691037660e+00
1.440074511185753359e+00
1.450673558485152004e+00
1.431722704781120736e+00
1.432151268414516121e+00
1.396809229099038818e+00
1.380516024839683942e+00
1.357665872972160459e+00
1.403888195237521508e+00
1.329961275027273793e+00
1.381191457415775314e+00
1.355110411930278369e+00
1.309324927102354819e+00
1.308083780180647748e+00
1.344641153512363463e+00
1.322940080498662407e+00
1.321130419956214386e+00
1.304552000172668702e+00
1.304914770266256019e+00
1.295394945945312681e+00
1.255458010969686011e+00
1.269759923027603543e+00
1.299089578984954807e+00
1.255975306954037807e+00
1.273015143094506030e+00
1.242542968271868942e+00
1.249767080313315182e+00
1.239779274349620319e+00
1.224546682994352764e+00
1.241378696127371617e+00
1.199052379242924182e+00
1.253807089353432769e+00
1.220470350503597867e+00
1.212378521544638987e+00
1.209941534247133132e+00
1.200211167931961365e+00
1.236611842280165074e+00
1.193855778181488247e+00
1.195967360764863319e+00
1.226727941618117823e+00
1.186719936504454731e+00
1.217299053139651033e+00
1.186260133274050999e+00
1.191166236440637238e+00
1.187270721837655696e+00
1.155229010577522031e+00
1.181702555449151149e+00
1.162175891579733999e+00
1.142460582416448878e+00
1.157597267977499289e+00
1.119169846773551802e+00
1.156853657079357500e+00
1.136802419868463421e+00
1.135865357809344944e+00
1.135173575990559014e+00
1.149000695493360258e+00
1.149234040313004801e+00
1.141648909382855681e+00
1.142998919922105339e+00
1.138862058752831752e+00
1.125698957556866109e+00
1.134282450602368320e+00
1.149580037961821510e+00
1.116871481561676926e+00
1.122902225222807582e+00
1.107149748457658900e+00
1.094388395406336034e+00
1.098473570290624535e+00
1.128980055623251877e+00
1.081456621059973644e+00
1.115432299693775997e+00
1.091756189846038172e+00
1.087692165168525404e+00
1.093560649054263978e+00
1.091713298521582054e+00
1.107927611716890137e+00
1.108221785214652533e+00
1.059203209534914203e+00
1.132360300486414673e+00
1.085949695923111635e+00
1.082566622012829383e+00
1.078611766916966364e+00
1.103005636377282661e+00
1.092095067676566167e+00
1.072535613862597881e+00
1.076578473998296870e+00
1.061997126196504881e+00
1.093680090787776393e+00
1.062274093675241282e+00
1.087219266122361194e+00
1.076840058595872174e+00
1.058058220974019248e+00
1.070617891817759348e+00
1.103406400812771970e+00
1.070275635265187875e+00
1.073171898247509803e+00
1.075019113011809857e+00
1.084444499282694485e+00
1.066110690926761473e+00
1.087070221493331434e+00
1.071220896561886571e+00
1.079344245560942328e+00
1.078759581133662548e+00
1.041774006760104232e+00
1.062627357505312453e+00
1.063019961336048924e+00
1.037052528232619064e+00
1.037242709407570240e+00
1.048324631585194844e+00
1.055983406465040630e+00
1.087715433741157645e+00
1.057535120507189230e+00
1.057673205453472765e+00
1.038198070517226679e+00
1.035999211600224790e+00
1.037149592991438052e+00
1.023950195811901276e+00
1.041370495577599309e+00
1.071390269195289457e+00
1.032432996555455285e+00
1.034926529139725160e+00
1.040849187945898979e+00
1.059356027514025467e+00
1.057928485889366943e+00
1.040206540138378433e+00
1.067594017070216506e+00
1.069034173356791184e+00
1.023965594493954745e+00
1.048015361775617604e+00
1.030230637159567531e+00
1.043066842155467855e+00
1.056314101364347335e+00
1.033012859331218891e+00
1.025726518635429629e+00
1.041349022827405602e+00
1.022075155135774960e+00
1.021971645468044754e+00
1.025508492659357840e+00
1.045614350187810793e+00
1.013739936751296922e+00
1.001982689702446194e+00
1.025245418971760802e+00
1.015106651249620962e+00
1.001153343477194202e+00
1.017997706498511068e+00
1.032188160741749572e+00
1.028277217512861830e+00
1.008077010148415997e+00
1.011547293690926663e+00
1.019865589638416337e+00
1.018946165762326217e+00
1.022029526723773785e+00
1.019470886144094646e+00
1.012624209617824400e+00
1.011097082966784466e+00
9.966651586009495078e-01
1.053353823337254136e+00
9.995846781359032374e-01
1.007055181974552793e+00
1.010794879795333889e+00
1.012672112367571930e+00
1.018934379449288663e+00
9.927192629091290410e-01
1.002911891313105430e+00
1.000596031779107387e+00
1.004199629768304458e+00
9.986187280983420678e-01
1.011664616204343226e+00
1.004897291849151220e+00
9.911696752950326372e-01
1.002817413523247492e+00
1.004173447503082794e+00
9.818236875819140730e-01
1.005591726529549756e+00
1.016384971377362723e+00
9.749570550748337672e-01
1.012457400626089798e+00
9.916647523540493836e-01
9.833799977982706775e-01
9.938728298835224351e-01
9.976306890960140450e-01
9.933128384430988111e-01
9.921742018660987261e-01
9.858041259041877558e-01
1.003268423648184582e+00
9.835851426707679090e-01
9.970426057014245558e-01
9.778656114292112456e-01
9.573663970609695983e-01
9.536409098932993045e-01
9.739369400644238839e-01
9.833901879229813847e-01
9.751556512357583140e-01
9.792534102416589059e-01
9.985332877060532075e-01
9.993276157172514829e-01
9.750433774157003519e-01
9.752408020461188487e-01
9.654155047345032159e-01
9.801554742295754963e-01
9.768634656825819773e-01
9.753470941013284712e-01
9.754532260600391469e-01
9.862097964711800113e-01
9.486479762451296427e-01
9.750552879269847040e-01
