2.589090870771673103e+00
2.342614672754561589e+00
2.251379963834460263e+00
2.178565423839613047e+00
2.158562597731479737e+00
2.102711466296476317e+00
2.045412535552981748e+00
2.009605086702989762e+00
1.971219871996862771e+00
1.929282808036946628e+00
1.907621422052140803e+00
1.885063644109377101e+00
1.839633851040412438e+00
1.839726845042595427e+00
1.808526990331173812e+00
1.736174015522892855e+00
1.723461881421476161e+00
1.720222586207344806e+00
1.666518654881533168e+00
1.623578838276167557e+00
1.602098498458050191e+00
1.596394623504645782e+00
1.590282602642575593e+00
1.566058406856522423e+00
1.524418244651408738e+00
1.504280823137575718e+00
1.481300109368085538e+00
1.458749057257515247e+00
1.453350383469903084e+00
1.409077564696686435e+00
1.389514985965663252e+00
1.402567192527947038e+00
1.373898748394349445e+00
1.335385653439256970e+00
1.344832121881086362e+00
1.303241761287565748e+00
1.307717617970146851e+00
1.275686202997915464e+00
1.261517668716619633e+00
1.259329823385342717e+00
1.269363237446328396e+00
1.226755482138335518e+00
1.232427411852972998e+00
1.243972802784905518e+00
1.196303202044041836e+00
1.178586329592535842e+00
1.201735372034633098e+00
1.183919057128710817e+00
1.157407506481520798e+00
1.134536002725969217e+00
1.144988201952854112e+00
1.176977164659199104e+00
1.133814983130552623e+00
1.087087244098674965e+00
1.133351564306255277e+00
1.113928005523888709e+00
1.146545284588188052e+00
1.091581518869225276e+00
1.084445943057617878e+00
1.079563924999783708e+00
1.073739702041226707e+00
1.072393710488703800e+00
1.062359754122500499e+00
1.076267456143002565e+00
1.070014253632750600e+00
1.049320392866632812e+00
1.082137840290729569e+00
1.027457234797193086e+00
1.031272492544621944e+00
1.043505221109943371e+00
1.057105408918258993e+00
1.039441108380114498e+00
1.036746278779234975e+00
1.045226913799747859e+00
1.019683845786016452e+00
1.020541935522245813e+00
1.032866773623947854e+00
1.014585258891576025e+00
1.027898156007036601e+00
1.003527943434110448e+00
1.023413215039785662e+00
9.757106393838511638e-01
1.006242591367081607e+00
1.004454444320505901e+00
9.935229467771432565e-01
1.001850898950038538e+00
9.982554707448711984e-01
9.835372582340823344e-01
9.845029040564513556e-01
9.893244908392186954e-01
9.757503883930849220e-01
9.710863610196307505e-01
9.685725052177582839e-01
9.600741147863574021e-01
9.633160987654081353e-01
9.629357032265559724e-01
9.461012107131843152e-01
9.325262605082471623e-01
9.627467571344514585e-01
9.519233664490150959e-01
9.438605027493175426e-01
9.424429283233477506e-01
9.361839207038383792e-01
9.546255553179145981e-01
9.351101151011691481e-01
9.342092327278213038e-01
9.488784941507243387e-01
9.381470642983914532e-01
9.310619118933034510e-01
9.231041245253470695e-01
9.255925553169712661e-01
9.424540433057126965e-01
9.227344317859597078e-01
9.327716413718549759e-01
9.214329330586755740e-01
9.236136650618574917e-01
9.063953658821140014e-01
9.154924787429327138e-01
9.084494325409427917e-01
9.150077143337784769e-01
9.013279830958577099e-01
9.035198782321718358e-01
9.143304106156409095e-01
9.037361044532732368e-01
9.151924197464735844e-01
8.998067944665695261e-01
8.918678619806608143e-01
8.932559615862902813e-01
8.795006806372058783e-01
8.812376111594194539e-01
8.732176777708320348e-01
9.122030857086100841e-01
8.852686108806482324e-01
8.845629530227168136e-01
8.755507317082286134e-01
8.850708713494696012e-01
8.672457545379042010e-01
8.672266055247271899e-01
8.651746073320730757e-01
8.788010302926015926e-01
8.624836561122208867e-01
8.609874815436199258e-01
8.660966738290185596e-01
8.876197829721256261e-01
8.719464827384522110e-01
8.682909374007780068e-01
8.698119487173684439e-01
8.759807669879866587e-01
8.515277147151560921e-01
8.387276903704677933e-01
8.469133989448219824e-01
8.401880294862968945e-01
8.563049598022021147e-01
8.558086521943760738e-01
8.469840352103780168e-01
8.490948480537496845e-01
8.486390292361439824e-01
8.527767115564488520e-01
8.714005831310593919e-01
8.490873770118567698e-01
8.396667442973223539e-01
8.458199119207979733e-01
8.288770514354615315e-01
8.308517807788813325e-01
8.256591062644038637e-01
8.297259379153012482e-01
8.299333143276712565e-01
8.327896149280598070e-01
8.433880318749792382e-01
8.188646104353576316e-01
8.263656275152270192e-01
8.225661306370307679e-01
8.178252766674619645e-01
8.153707750465120085e-01
8.115308153995260954e-01
8.076254767308888027e-01
8.221136202563100737e-01
8.254378085180086311e-01
8.094785205534630323e-01
8.057365592321433789e-01
8.091652484476727913e-01
8.101409747135120965e-01
8.143938709571048040e-01
8.132121208928818623e-01
8.280196703282998172e-01
8.075915909747579668e-01
8.132824243742623471e-01
8.151753226616085257e-01
8.032449223404418692e-01
7.871710969693705984e-01
8.056480479167630326e-01
7.946945812194285974e-01
8.011797584461874955e-01
7.850909084738756372e-01
7.989638305219898262e-01
7.888481508146876209e-01
7.851914597101499194e-01
7.856759681408085338e-01
8.020953419321346090e-01
7.777542742714792512e-01
7.922496157350825685e-01
8.003408790564763287e-01
7.988304882240828686e-01
7.852928592966240684e-01
7.839499143390755709e-01
7.872902592302905012e-01
7.866347557441754068e-01
7.806411083620875546e-01
7.889652988005283474e-01
7.969255909839267904e-01
7.667613361976041153e-01
7.839629820812104022e-01
7.974817288263600368e-01
7.596256815483402036e-01
7.751752228110907472e-01
7.935251764690294252e-01
7.819569678459028506e-01
7.662010772692057214e-01
7.708564995152412669e-01
7.838405322238014561e-01
7.674210267533199126e-01
7.740465416452939618e-01
7.742419586829042411e-01
7.765488039899309802e-01
7.630100969826673074e-01
7.560992688344971846e-01
7.635037292709909718e-01
7.611994898121101638e-01
7.522827624223287213e-01
7.498037318422318132e-01
7.760569157996284329e-01
7.575645919894267166e-01
7.528108294087800800e-01
7.573656182346948373e-01
7.531510862588801647e-01
7.536843229272229827e-01
7.550773431965259741e-01
7.845965244250026061e-01
7.598178579372175667e-01
7.646239501003332384e-01
7.532432015626369104e-01
7.463504930394556647e-01
7.582614798568887426e-01
7.478793439337809712e-01
7.342053788184633722e-01
7.349422758589201354e-01
7.424814327388717938e-01
7.453819746138929947e-01
7.464062428529016913e-01
7.378742201468595496e-01
