2.521389473174045381e+00
2.263069602222341992e+00
2.184237236932951021e+00
2.120891662726489546e+00
2.047707798765666443e+00
1.992244639008064588e+00
1.945975851464708306e+00
1.891789177561550073e+00
1.845314641678996281e+00
1.830314807977976965e+00
1.847306306682415800e+00
1.751231142641973992e+00
1.732104854504078473e+00
1.738789325269138875e+00
1.680842406936545741e+00
1.675682018325238332e+00
1.641854219987806340e+00
1.584703909089154372e+00
1.571529068174080557e+00
1.554075900328773852e+00
1.518180229750384802e+00
1.516911100651791022e+00
1.467160658433204645e+00
1.450253608127300309e+00
1.436663511791740344e+00
1.389896938948812499e+00
1.352332940418652152e+00
1.362724062414230941e+00
1.332356229838959516e+00
1.284166532099813018e+00
1.279588500702478315e+00
1.245001826713334259e+00
1.259236929597006949e+00
1.240434475344184939e+00
1.221201949003512643e+00
1.186552191332609363e+00
1.158721531373594127e+00
1.146785249006068819e+00
1.142039534002744716e+00
1.125558961895540833e+00
1.096045599570510509e+00
1.149310312487862529e+00
1.094260538792998227e+00
1.075993678190087177e+00
1.065948012180050197e+00
1.043003684630063876e+00
1.060158866686364831e+00
1.050132678354126270e+00
1.032995494818024218e+00
1.031941818288215185e+00
1.014149622564561648e+00
1.004344683347757616e+00
1.029634179494355095e+00
1.027500424933401213e+00
1.017076879082654539e+00
9.947132850558657591e-01
9.887208300750081058e-01
9.851402426429163306e-01
9.983090527729716612e-01
9.535922783665773395e-01
9.626801022539468455e-01
9.877424118699179578e-01
9.585598487523226963e-01
9.473009463778748751e-01
9.549953495449255980e-01
9.366773265278727223e-01
9.312051509328823640e-01
9.264289378220141868e-01
9.241797370858885197e-01
9.088015819885837399e-01
9.169176289131878432e-01
9.236809548036053474e-01
9.035429363840308259e-01
9.002495977163234020e-01
8.918075552728315092e-01
8.868755286804613780e-01
9.053588458305297237e-01
8.803153204525665521e-01
8.849279989552869541e-01
8.832727925121540702e-01
8.916269827538058079e-01
8.706907893416030442e-01
8.872561140726427098e-01
8.552697138908840202e-01
8.574058381105131854e-01
8.658967933022345687e-01
8.616309483994298857e-01
8.426034661007379967e-01
8.495973124038656010e-01
8.361736916238126094e-01
8.254258207461242502e-01
8.352567507421631010e-01
8.207779919761490905e-01
8.389329206163070873e-01
8.056975093593105042e-01
8.333755153227532242e-01
8.212593478053362706e-01
8.146924795418614140e-01
8.299505818923341716e-01
8.036393446486387315e-01
8.115612865505257290e-01
8.063010567523731797e-01
8.045194171813886408e-01
8.068464520151046315e-01
7.921875119057648629e-01
8.209419293402412388e-01
7.910746860657811297e-01
7.891158681549890197e-01
7.958260099510972019e-01
7.795425737365129226e-01
7.817871145843409142e-01
8.027522798167640028e-01
7.837338069026715814e-01
7.988939709466056360e-01
7.754906966594860007e-01
7.844532721219747984e-01
7.860993979804551390e-01
7.611828985569677464e-01
7.538312841282608368e-01
7.588390145182932756e-01
7.696254722662826397e-01
7.478037548113710686e-01
7.299040216937399128e-01
7.387373847646823144e-01
7.491762711688007004e-01
7.418156841686411873e-01
7.518042654021461768e-01
7.464895011399703684e-01
7.436308707420182795e-01
7.406573187069540598e-01
7.259287637540896565e-01
7.277475543512256229e-01
7.410596464501549852e-01
7.382924558754044853e-01
7.199604154502521336e-01
7.225927818753582477e-01
7.145176699165168843e-01
7.226697492187026395e-01
7.141090350748725557e-01
7.235269906047322452e-01
7.113765679208847725e-01
7.190978658793740763e-01
7.323309586028311502e-01
7.335210829376770381e-01
7.080051639601285807e-01
7.168929464508508875e-01
7.048774690871484339e-01
7.124123062225743430e-01
7.179069933273009019e-01
7.013496521865414390e-01
6.994979348503750360e-01
6.997825437032059170e-01
6.875698897214239658e-01
6.871169360867592779e-01
6.842230368845336752e-01
6.844774013387704414e-01
6.819991202850597123e-01
6.760450091662854044e-01
6.743823560599233602e-01
6.702813016177437966e-01
6.780583629462983986e-01
6.772645815317309692e-01
6.714969083080459811e-01
6.665199594913375769e-01
6.779391860420053151e-01
6.765694034410946189e-01
6.585806536423788327e-01
6.660776700182555743e-01
6.657875155729304772e-01
6.521015019235650856e-01
6.550733858575410462e-01
6.540464287727383308e-01
6.529444172179763584e-01
6.565742712806571513e-01
6.437511192369331781e-01
6.494389816138039784e-01
6.486654450795947824e-01
6.402903241351792785e-01
6.540172709660097006e-01
6.401834539674838842e-01
6.449385090267318876e-01
6.383592665064043992e-01
6.513107306143240960e-01
6.499561554824319076e-01
6.498659972500768767e-01
6.525481320776076455e-01
6.300978500148334271e-01
6.722474620959328906e-01
6.528722349822198012e-01
6.434263262437753816e-01
6.309934305368317675e-01
6.380919029625332639e-01
6.474238994760056487e-01
6.398709734075348488e-01
6.198146787283782544e-01
6.272349581274038188e-01
6.214309830718967032e-01
6.265540213161115979e-01
6.210515019831371886e-01
6.299533465146776035e-01
6.084000153601007987e-01
6.173470557959221949e-01
6.120538787923884838e-01
6.168719629328722753e-01
6.122722315072528509e-01
6.134565491658942049e-01
6.145375456150464766e-01
6.111787269435307035e-01
6.114591176102248671e-01
6.093319308775978493e-01
6.237196200546205604e-01
6.122301885936525245e-01
6.052208272904522346e-01
5.949457731234413238e-01
6.107438540179660480e-01
5.980024208065773950e-01
5.987843355641597753e-01
5.971453925708416488e-01
6.032110069204864589e-01
6.021758983950440403e-01
6.098134713133688267e-01
5.867652661562612337e-01
5.949222908899935991e-01
5.851064156715629627e-01
5.746093211667752110e-01
5.808288662099208022e-01
5.928831843954980307e-01
5.807265092238400594e-01
5.818889221906904385e-01
5.812674800244891360e-01
5.907870768196629152e-01
5.855131873474272997e-01
5.764440167670010773e-01
5.697747729516499104e-01
5.845756767572913848e-01
5.798485940436010067e-01
5.834268268748733499e-01
5.731032541327512053e-01
5.630637762039455430e-01
5.725579063030240556e-01
5.781584233551044782e-01
5.745887840204598751e-01
5.709163171505831080e-01
5.679509506347302228e-01
5.674210799253941451e-01
5.909410858807360167e-01
5.639052371895054705e-01
5.796574334812374385e-01
5.661918528105057691e-01
5.742995929645230424e-01
