9.868760575741601926e-01
7.766616234139288588e-01
6.721986454646946552e-01
6.094865596701868338e-01
5.612312853374725741e-01
5.300578813627490060e-01
4.985665536173038981e-01
4.756181265279645354e-01
4.524231134312068914e-01
4.366586635056249888e-01
4.216271017958662659e-01
4.092247102157494654e-01
3.893295398570035815e-01
3.880118464789350519e-01
3.728738134616185751e-01
3.585505857513414663e-01
3.433899993581773225e-01
3.375241984909176929e-01
3.313571846132444820e-01
3.253991331678614540e-01
3.178002739082657069e-01
3.147944145119607740e-01
3.116508457311872315e-01
3.096598636644355973e-01
3.019912837476961265e-01
2.998400656643990247e-01
2.932743108196280701e-01
2.886187565573422598e-01
2.888599463992207461e-01
2.744123159799941036e-01
2.726538795421148964e-01
2.644682389772642916e-01
2.579520238439924618e-01
2.595681229005438184e-01
2.604580306563538117e-01
2.671699133390968428e-01
2.588430611843487439e-01
2.535867242917433928e-01
2.539893815422520906e-01
2.518310202563988076e-01
2.492789609369872317e-01
2.502765690262212517e-01
2.522453980904926230e-01
2.380606586664495150e-01
2.389320678207850490e-01
2.342554221844108109e-01
2.265246754805888552e-01
2.416881112793248798e-01
2.277226514169867488e-01
2.296578282076380262e-01
2.327865252865728429e-01
2.229731057180915077e-01
2.215516541802015071e-01
2.203704203689827446e-01
2.229102780765395142e-01
2.252985198128800715e-01
2.265060114485830112e-01
2.200022963880571558e-01
2.119865851679625379e-01
2.154023269442850996e-01
2.237946070226473350e-01
2.147767301079375746e-01
2.103246809784815596e-01
2.016211166691223300e-01
2.083571570788163574e-01
2.100254920369180045e-01
2.063646427864718746e-01
2.088385896724611890e-01
2.035210356180281455e-01
2.137598375870124190e-01
1.962133151281027499e-01
1.989806762233258808e-01
2.004851178051433591e-01
1.958684071345617450e-01
1.976013898219860787e-01
1.962439699507341206e-01
1.944009494682699124e-01
1.891815834405167485e-01
1.993515229461140792e-01
1.960940879696998485e-01
1.909883807921012588e-01
1.845515603228395085e-01
1.930382853621512573e-01
1.886874726102938660e-01
1.928237548788381828e-01
1.959724193499674527e-01
1.892777026167996035e-01
1.974033577267204631e-01
1.893927506009600858e-01
1.879076726110130435e-01
1.824258744795987652e-01
1.866036956584031792e-01
1.935699252915296653e-01
1.896355763174995268e-01
1.829713023098442359e-01
1.849901446133944138e-01
1.929534042758943302e-01
1.857341264237943324e-01
1.812950358043028953e-01
1.771349742463448895e-01
1.829831248942067612e-01
1.938017894955731402e-01
1.795668651310490804e-01
1.761548494192608505e-01
1.770699657461398124e-01
1.800831761947001008e-01
1.773798271901048107e-01
1.766994331685979025e-01
1.753083544907108049e-01
1.768838936844997489e-01
1.713061309808290023e-01
1.736844700643724315e-01
1.709596865821011447e-01
1.694939763047509929e-01
1.661678614937554810e-01
1.768055223043699664e-01
1.713752435505574434e-01
1.702393388746121228e-01
1.682325803698112576e-01
1.807172455441312942e-01
1.738851603833374559e-01
1.677781371575722824e-01
1.657831357815694739e-01
1.741162628531763290e-01
1.651363422097884559e-01
1.737713352324359861e-01
1.770107580348209420e-01
1.748463647361372664e-01
1.692432381445622136e-01
1.592499434638273148e-01
1.663401935151027633e-01
1.607396434781396544e-01
1.679059265290838987e-01
1.722774279755912852e-01
1.672891392633293339e-01
1.776614589306322045e-01
1.715897993462647264e-01
1.722201700538284197e-01
1.732392215065348406e-01
1.726774469066612028e-01
1.735374686407064049e-01
1.582015161429717875e-01
1.659450813262825508e-01
1.739400618919819397e-01
1.593255630356161523e-01
1.580347206234952451e-01
1.652196894503160096e-01
1.594190176772174450e-01
1.547455958348907812e-01
1.732327396409059361e-01
1.644149546037012022e-01
1.618365938274547444e-01
1.553207827326932855e-01
1.583518882415489992e-01
1.573020922361125506e-01
1.548565847358315262e-01
1.607825412836958456e-01
1.638255486938601790e-01
1.590020415958302569e-01
1.778256635970878463e-01
1.707199033130918919e-01
1.559835858425501209e-01
1.578038064881324698e-01
1.729318717387749449e-01
1.621980895571428494e-01
1.601428879295037078e-01
1.584657211175328761e-01
1.613541650571433395e-01
1.504077457674730667e-01
1.476205486314110804e-01
1.531358415440712828e-01
1.488768810739696524e-01
1.507260852465511780e-01
1.474363543515515018e-01
1.600471712579763228e-01
1.608195067698482139e-01
1.559607134021790409e-01
1.534321952236247233e-01
1.519541658969146281e-01
1.528016775756900203e-01
1.495620993029022905e-01
1.509371218324342401e-01
1.567858546557642507e-01
1.540118605986222078e-01
1.501395347070976494e-01
1.617193614269953339e-01
1.532841409370687136e-01
1.555343157570516222e-01
1.482489733930839604e-01
1.558923966163972274e-01
1.576998226718266394e-01
1.508783224575945825e-01
1.511356193906291945e-01
1.503141498668564002e-01
1.499459210518339358e-01
1.529864363310898812e-01
1.477150151493908936e-01
1.493751107469042383e-01
1.483466646367538888e-01
1.476412299567432251e-01
1.455774200387229822e-01
1.435726302487462802e-01
1.488287044783119240e-01
1.643967600555323316e-01
1.525397824231639055e-01
1.509165811780820987e-01
1.494572200994440658e-01
1.571954286416364921e-01
1.566939666785353569e-01
1.533418850162540370e-01
1.458208384289851334e-01
1.502132542183087227e-01
1.461775483168746004e-01
1.552172032767495380e-01
1.520946642882387567e-01
1.489661065903173931e-01
1.427279255749310249e-01
1.495637113285388231e-01
1.467234513826978226e-01
1.468336669678890483e-01
1.442874115106320965e-01
1.438460061803321921e-01
1.515446087273176201e-01
1.442850703486807384e-01
1.453897985768907997e-01
1.502880032584762160e-01
1.463446970702712291e-01
1.419917205383803283e-01
1.472742852074395148e-01
1.509112773731233204e-01
1.453218940774708701e-01
1.451503437694529330e-01
1.450923209717514539e-01
1.461495623832017587e-01
1.394299705717898241e-01
1.423599399646730546e-01
1.417713472098163230e-01
1.456328839887789661e-01
1.448455281627317459e-01
1.389772582547089685e-01
1.501264230583959636e-01
1.426270142113146844e-01
1.476949744210624693e-01
1.591114864746388247e-01
1.613289129484236362e-01
1.533505699246333620e-01
1.443050626501548583e-01
1.502586329853010660e-01
1.467484172455369995e-01
1.529830653285681186e-01
