2.465950575802510425e+00
2.251417832042177825e+00
2.150512101550762001e+00
2.044478019105530731e+00
1.969199847435045392e+00
1.918123433515530607e+00
1.837267195808434561e+00
1.794759355273143342e+00
1.732591852242457930e+00
1.690206923197292710e+00
1.631915013878283860e+00
1.594064966147434426e+00
1.564287007795179374e+00
1.475341060682827887e+00
1.420562362290787251e+00
1.365947357895739733e+00
1.308859456861277915e+00
1.233714804690194899e+00
1.192327164194396438e+00
1.146067949646282669e+00
1.128812743505030802e+00
1.058317407399537169e+00
9.834225263188780541e-01
9.213516814191919924e-01
8.753513085429671658e-01
8.384796164050354328e-01
8.000883145240138550e-01
7.595123544365693924e-01
7.224372130195677588e-01
6.899654439358567926e-01
6.699864073445466195e-01
6.428871676578531424e-01
6.083570918171909980e-01
5.974914210581876439e-01
5.639762652069936211e-01
5.423497901458591564e-01
5.176132093746027563e-01
5.019434280845170848e-01
4.872313378684556273e-01
4.665070200336431938e-01
4.732713426894216147e-01
4.642281015548890277e-01
4.482578151382940468e-01
4.306953399564711904e-01
4.241503937121890444e-01
4.013664082673301658e-01
3.964363198520128306e-01
3.852616354944424781e-01
3.688134053820589786e-01
3.469980654674436615e-01
3.310454079130692451e-01
3.385224997228974964e-01
3.300310687201155613e-01
3.226195595086914780e-01
3.178774528306488323e-01
3.055693582306885370e-01
2.996964261512015670e-01
3.064709643920532356e-01
3.016063697494596463e-01
2.904651891061053037e-01
2.763180601305683659e-01
2.675890194118184517e-01
2.674456748762641944e-01
2.718202924429157230e-01
2.600532074735640298e-01
2.612044583485439997e-01
2.614910113176626694e-01
2.500723458401949983e-01
2.459026712221643041e-01
2.452090000898010103e-01
2.416888671791941612e-01
2.406699539312594782e-01
2.413267822205777680e-01
2.424980646082714464e-01
2.320219863312296127e-01
2.299095610487736085e-01
2.285089555172454268e-01
2.258167598431922163e-01
2.275191532344313372e-01
2.139057092055213216e-01
2.229966299211558478e-01
2.392575867180908311e-01
2.346471197589767022e-01
2.143507096132963585e-01
2.052803173903856027e-01
2.184187339889226698e-01
2.012127425718744089e-01
2.011688409962033020e-01
1.860681962894131791e-01
1.922882004278324286e-01
1.919290832972995742e-01
1.799679681951915633e-01
1.801902240033550762e-01
1.890276670910852608e-01
1.836887645349412068e-01
1.710228533654636618e-01
1.831812402751584745e-01
1.826451077875321238e-01
1.927640553932823964e-01
1.753854440067726672e-01
1.806132566320281518e-01
1.789847031650177722e-01
1.717209077542559137e-01
1.836581496696216564e-01
1.681406031308374516e-01
1.649156366923528183e-01
1.886330715038155303e-01
1.741562201015984801e-01
1.696138419969110966e-01
1.661886915999238323e-01
1.667071580330827252e-01
1.633747713273868696e-01
1.586303217652452191e-01
1.594073737148837544e-01
1.540840838655445078e-01
1.636161330880109566e-01
1.650693467192685393e-01
1.519535125980060186e-01
1.587548877594024688e-01
1.593092724913415248e-01
1.529726230689757993e-01
1.596472806258069088e-01
1.563617340169007885e-01
1.544174312928557613e-01
1.518296441682481790e-01
1.555571588946650374e-01
1.730570943730414535e-01
1.653165325087721238e-01
1.604739972308096285e-01
1.506841439738606792e-01
1.536546135864636231e-01
1.486717940660716719e-01
1.437765295279883337e-01
1.437985122335248278e-01
1.446586807272327579e-01
1.445935803188801994e-01
1.539602661442158182e-01
1.442253359946014113e-01
1.412102567939292341e-01
1.479619258112467306e-01
1.426893889378336722e-01
1.425627329294523182e-01
1.450531110066409779e-01
1.351496837376092719e-01
1.392216794698257765e-01
1.416601208386136512e-01
1.473960379793168574e-01
1.443056049661930740e-01
1.299812574460192660e-01
1.300196468253876358e-01
1.349023978606250507e-01
1.370868422495380712e-01
1.328913819403709784e-01
1.329131907956571101e-01
1.358566923140266391e-01
1.369559418364570680e-01
1.402783364441695657e-01
1.353560261114966634e-01
1.302400405241967707e-01
1.337522586132810221e-01
1.377029068176628401e-01
1.477953571133730215e-01
1.426018906840637590e-01
1.362997083905755913e-01
1.300075931153595044e-01
1.386368870482435067e-01
1.353310242022313092e-01
1.309481682597053998e-01
1.304115206862482557e-01
1.319681526625496037e-01
1.297102246327348496e-01
1.292877938734870447e-01
1.227597752623917071e-01
1.213676916584473520e-01
1.171898068898083178e-01
1.264296284493872657e-01
1.266101344540371543e-01
1.252086446513112350e-01
1.270677345568564376e-01
1.176821887290946944e-01
1.214286207980912330e-01
1.266829248118432893e-01
1.240943907336755359e-01
1.195643321387318131e-01
1.264713633618490540e-01
1.285008105981382265e-01
1.329050124035276170e-01
1.301169748666975434e-01
1.286514842253446145e-01
1.303150906269230080e-01
1.283397210744213202e-01
1.339746983961948856e-01
1.393860520812679193e-01
1.381121186850392812e-01
1.332555002352194817e-01
1.215764672812605085e-01
1.182028495098794013e-01
1.186026014195530193e-01
1.194549139230189905e-01
1.258040276789479384e-01
1.192090353110913936e-01
1.153237273489482739e-01
1.231140706314120259e-01
1.154022041602082993e-01
1.146303729344983341e-01
1.099181684489732164e-01
1.114026588189391542e-01
1.177580820212047186e-01
1.183957498232496713e-01
1.122109534034411854e-01
1.115161244639952531e-01
1.156183578973709325e-01
1.203136790740926554e-01
1.192728208284445923e-01
1.205342447377609899e-01
1.237096847635232588e-01
1.217381405761639862e-01
1.140438003978582054e-01
1.203634431345572686e-01
1.163189164849359469e-01
1.197728553288989056e-01
1.199968928569773580e-01
1.121417238469282346e-01
1.221880274199282912e-01
1.185195656162225386e-01
1.183160524992234314e-01
1.168897813552512988e-01
1.183121842932426115e-01
1.169041666774688348e-01
1.101898952706981127e-01
1.111710579406212374e-01
1.126777078840108248e-01
1.207338137605216133e-01
1.095740726139280141e-01
1.153809988575518752e-01
1.048737681689425605e-01
1.032824023087158816e-01
1.073012983772696355e-01
1.096642377054675155e-01
1.049492937314299990e-01
1.046966975061993793e-01
1.058087813007055067e-01
1.068144265531967840e-01
1.128270048774485668e-01
1.098358599390718421e-01
1.170216419126237084e-01
1.222710518477284902e-01
1.171640928688091332e-01
1.060629591416552414e-01
1.114645006344874845e-01
