1.149756171254079806e+00
1.010719379230706982e+00
9.110749859964346609e-01
8.658520856536064958e-01
8.248410506156276245e-01
7.968769801914530326e-01
7.758011350324794941e-01
7.566584918744043708e-01
7.438588212857091264e-01
7.311731625899288156e-01
7.161213880558996436e-01
7.029904392996507712e-01
6.889165048329526364e-01
6.864081477415285848e-01
6.754939239952344465e-01
6.689721564414785604e-01
6.625630500014957347e-01
6.625161766652093442e-01
6.512935743483954099e-01
6.464239829643205759e-01
6.399484266561116241e-01
6.302922195887630252e-01
6.295597110514805639e-01
6.343060244112358470e-01
6.237407833732047102e-01
6.203017343831433994e-01
6.111208075149492380e-01
6.071919603083721917e-01
6.111478874336023770e-01
6.042882773565227961e-01
6.004374453967267211e-01
5.952839304615960003e-01
5.965756549824691168e-01
5.904691515887204867e-01
5.823946987484737159e-01
5.741766268536548923e-01
5.804951495643871917e-01
5.833625484212444645e-01
5.826184931621866125e-01
5.703162322606856183e-01
5.704033272378803421e-01
5.676011521788756342e-01
5.639517531001099204e-01
5.740959152498432694e-01
5.644876747575349185e-01
5.552027274373023680e-01
5.523638694447287056e-01
5.485126380246320155e-01
5.519035991124575657e-01
5.475646387810946258e-01
5.424284555543633646e-01
5.450375675447436397e-01
5.422585800522622401e-01
5.358361595814473688e-01
5.399005929440300333e-01
5.498837725369303264e-01
5.445003929867673342e-01
5.399421101772154952e-01
5.331059363815968677e-01
5.341580726883627950e-01
5.344662146599838959e-01
5.223601232086948487e-01
5.260102522927190272e-01
5.246539874308144835e-01
5.314568537698105555e-01
5.341999339776333233e-01
5.277250767350600835e-01
5.133811267524998057e-01
5.164487577792827855e-01
5.226115989151285390e-01
5.225092342358431674e-01
5.237426073966469087e-01
5.178675345237413463e-01
5.135501082759132974e-01
5.167881972188056450e-01
5.065607578825999102e-01
5.146674587362252140e-01
5.256965461577537413e-01
5.142104922309821413e-01
4.989822619320418151e-01
5.058472818231243284e-01
5.007976253985791937e-01
5.023023858818059795e-01
5.071932186133745191e-01
5.032461682129828473e-01
5.104452338640854681e-01
4.955962367173855632e-01
4.904995299875735681e-01
4.940313207973779930e-01
4.963365343615432912e-01
5.073510676955998999e-01
4.957902639032704117e-01
5.059703561493791302e-01
4.972605665935913577e-01
4.948048095700294247e-01
5.040442939883090778e-01
4.945586659974611221e-01
4.986885583617065576e-01
5.035473213125439829e-01
4.982777425875253297e-01
4.879542392611584400e-01
4.965604628654882169e-01
5.033758536506863779e-01
4.916591418596184537e-01
4.836138937435286445e-01
4.959293757660094837e-01
4.871166181046732713e-01
4.738604223995066533e-01
4.847463082112726251e-01
4.917030720244915942e-01
4.897722442870710013e-01
4.982038845776945446e-01
5.056895448231066847e-01
4.920586758979382247e-01
4.851223261801973496e-01
4.803950625195027579e-01
4.805192150519288496e-01
4.731158625582180255e-01
4.817975540689648506e-01
4.802610781827241215e-01
4.831772122324887730e-01
4.807616223908425246e-01
4.751672744548789962e-01
4.852952672828246827e-01
4.700999520769598150e-01
4.738010794500563949e-01
4.772321166346807364e-01
4.788050773468884302e-01
4.664721821701429683e-01
4.703190747946702777e-01
4.776299790083714525e-01
4.723817637162421867e-01
4.603299294652737905e-01
4.582539363644178021e-01
4.675327584632701372e-01
4.729425733911538643e-01
4.666583847653833494e-01
4.640858352153967026e-01
4.767363843491637110e-01
4.686152591664480282e-01
4.618865701659320977e-01
4.722334933966357839e-01
4.765793372961608099e-01
4.598101264464806714e-01
4.488544939452304705e-01
4.711632769519470409e-01
4.720927130031618013e-01
4.766313862434640725e-01
4.593476097591049356e-01
4.661775810828526212e-01
4.477548083060470252e-01
4.583824728305983531e-01
4.627044972593376548e-01
4.714235995505687282e-01
4.549425701071158068e-01
4.561058430397931240e-01
4.574948841834812208e-01
4.575049021765286716e-01
4.588156362623987405e-01
4.618119648183864334e-01
4.570603549298470347e-01
4.607028804032012870e-01
4.745679714260787052e-01
4.601636096845245771e-01
4.489484534243796676e-01
4.437878305292113357e-01
4.521988043650034261e-01
4.707443600007442663e-01
4.593813749209673114e-01
4.613379377573526563e-01
4.589809237181978752e-01
4.483675522883922016e-01
4.488970929380188268e-01
4.504138953791706479e-01
4.400135240791772095e-01
4.435727709406427910e-01
4.539697160603152204e-01
4.469938100021195737e-01
4.473517004708826295e-01
4.554699026402009854e-01
4.728164604562997697e-01
4.585085875396407995e-01
4.630189890868385838e-01
4.602515714968398730e-01
4.537468040197723540e-01
4.522352756394055207e-01
4.466139971704463085e-01
4.398854281374200981e-01
4.491233102208966321e-01
4.361365127049922630e-01
4.524880349130611101e-01
4.520069100973644893e-01
4.587469712870253513e-01
4.411906633662562860e-01
4.490491890802150166e-01
4.476353840111392257e-01
4.568834943921789571e-01
4.457844512807546122e-01
4.529771617534121830e-01
4.387184047624165251e-01
4.377851567282928791e-01
4.411178101384898298e-01
4.323532015105439053e-01
4.328918460417877645e-01
4.404154166356841760e-01
4.443069677724120203e-01
4.419230904880016020e-01
4.353487693339465059e-01
4.331787533936781731e-01
4.463212999845052598e-01
4.488175125183535008e-01
4.404760824018530418e-01
4.407425409276417572e-01
4.353923383529021418e-01
4.392209560730402362e-01
4.504914824349181557e-01
4.462168227471765003e-01
4.368950987141200226e-01
4.352629567563452428e-01
4.337328767234628901e-01
4.311902694191829255e-01
4.413123824399879380e-01
4.367718143512468454e-01
4.440502324868170758e-01
4.364938338715557697e-01
4.427321588410774722e-01
4.345187865693015405e-01
4.302959504260541190e-01
4.322792087988662768e-01
4.272819668853218289e-01
4.381171268596739665e-01
4.406495829349133531e-01
4.369312920727674299e-01
4.409675881964138511e-01
4.261809604310681787e-01
4.253595761469536329e-01
4.258546989860981236e-01
4.467936084988645140e-01
4.522739957962462753e-01
4.390913017720914358e-01
4.420545196547355782e-01
4.366344993825360121e-01
4.341792357804979408e-01
4.384711205736914752e-01
4.363929438865977173e-01
4.344507748339441200e-01
4.382436520077561126e-01
4.277992066668202531e-01
4.339688753802707910e-01
4.393297223932788320e-01
