3.214900682868595094e+00
2.889840668221503428e+00
2.709598015250797243e+00
2.622214597956943560e+00
2.566505101513183451e+00
2.524711695584383797e+00
2.488304044368955914e+00
2.460309275616784142e+00
2.431307317443909710e+00
2.403435012216969202e+00
2.372470849404665127e+00
2.356730130504882670e+00
2.331683635711669922e+00
2.311375791699786131e+00
2.290572607856915965e+00
2.273195896575700203e+00
2.245478592216564095e+00
2.210415271114623881e+00
2.193060937050725023e+00
2.167246053791434424e+00
2.161261457277606102e+00
2.145083683478460124e+00
2.116461435198945473e+00
2.093350454619005152e+00
2.087437692943712619e+00
2.066105761392145634e+00
2.044198771183008745e+00
2.038906734542898391e+00
2.013468313087763750e+00
2.010413878323103365e+00
1.987358221043725282e+00
1.976323732042247983e+00
1.964964213817705030e+00
1.948925967941128823e+00
1.929272708284644589e+00
1.918132952789762147e+00
1.905265792901027488e+00
1.903352603498275064e+00
1.879842152589050075e+00
1.869631943579768141e+00
1.847943978846639190e+00
1.850737198883998680e+00
1.838061776866421138e+00
1.834117060600498172e+00
1.815708294975870718e+00
1.806774050442140567e+00
1.782860936109214256e+00
1.793852542601576339e+00
1.773482127299625732e+00
1.754430724290203303e+00
1.745556619953429811e+00
1.725446136867983871e+00
1.719106252998962914e+00
1.705806372608873245e+00
1.693756955611333659e+00
1.703914503876519104e+00
1.693459672067349819e+00
1.679171706798765706e+00
1.682661435659090321e+00
1.659164578329109574e+00
1.648304376058694842e+00
1.635999535446736264e+00
1.623949985814709285e+00
1.613074908909998273e+00
1.613261907524460748e+00
1.622717100050264927e+00
1.596264449356368909e+00
1.589983485285268561e+00
1.581348199857300241e+00
1.595150239917284107e+00
1.563596829953963541e+00
1.553877663256516994e+00
1.554481435986678095e+00
1.541274362535619114e+00
1.540840628997927064e+00
1.532565330876747733e+00
1.520870021757956492e+00
1.512768143714687374e+00
1.525517007550843962e+00
1.512237110163819453e+00
1.494045697041411991e+00
1.493007731405333161e+00
1.493637584766506876e+00
1.470321395342191417e+00
1.487669101725439758e+00
1.472725001410195800e+00
1.448096461664870160e+00
1.454907392387959408e+00
1.450498326662599258e+00
1.450403274884864535e+00
1.443365496890353983e+00
1.430592211971774663e+00
1.436395398312054983e+00
1.428402505542077039e+00
1.413152217541491451e+00
1.419648241640916408e+00
1.416180008625563591e+00
1.407920921997267039e+00
1.405033637419484505e+00
1.409398913868731951e+00
1.386572318128847181e+00
1.374111296202143340e+00
1.389136560736388359e+00
1.377372104730179014e+00
1.378669993363047963e+00
1.376146284987192159e+00
1.372521861599129034e+00
1.355823232166802672e+00
1.355803494214041116e+00
1.352092416024434529e+00
1.348034723319386119e+00
1.341237374044338182e+00
1.333776065258352128e+00
1.344915663047593801e+00
1.322063490445125389e+00
1.320718059384515586e+00
1.309615678347273215e+00
1.311034855477036798e+00
1.313829797255620768e+00
1.305391012409163665e+00
1.295874360943746417e+00
1.305302497894178515e+00
1.293593045167392486e+00
1.293639184338428505e+00
1.301004120905654871e+00
1.303773427753629699e+00
1.285475054136610007e+00
1.269859846282037630e+00
1.270764787937925133e+00
1.270113152758884256e+00
1.270270404530994934e+00
1.261131653145177944e+00
1.263137311430766685e+00
1.307334615223443297e+00
1.285303456488910756e+00
1.268068669042884844e+00
1.256008915532395465e+00
1.255045649963285825e+00
1.238831404753261811e+00
1.231848430762944480e+00
1.237357214234739100e+00
1.235653026618336314e+00
1.245019269604210610e+00
1.224088683542435385e+00
1.239009353975428107e+00
1.240098896149540941e+00
1.230114252467006564e+00
1.226516991975026061e+00
1.232464955247726257e+00
1.224853068064478689e+00
1.223151800913920617e+00
1.221115500341438675e+00
1.211298428688152740e+00
1.208637669985782814e+00
1.204779186517283218e+00
1.191184327430932166e+00
1.205556711801195169e+00
1.196914630311476824e+00
1.190798617606247056e+00
1.204562544013946024e+00
1.216750951764379751e+00
1.195599549175764498e+00
1.189877155354420957e+00
1.193638641281076218e+00
1.188200110415428945e+00
1.192966750713022384e+00
1.192653856898583387e+00
1.186659370380955369e+00
1.189837387814774106e+00
1.191046073769940872e+00
1.205854424951519732e+00
1.192717496705022917e+00
1.186443051457243270e+00
1.224135762639090963e+00
1.194799513150426096e+00
1.171258989473857870e+00
1.181473135543807729e+00
1.177037723028837801e+00
1.163552543686720453e+00
1.173426472995142023e+00
1.196238689377317588e+00
1.205326027349345130e+00
1.179221553427231672e+00
1.180411285752357209e+00
1.164863350918690976e+00
1.172557291538129931e+00
1.157116540089714540e+00
1.172149809924039054e+00
1.175535086537313312e+00
1.159413657809533094e+00
1.185210317413713188e+00
1.167372941809075915e+00
1.155468237125081066e+00
1.143377410184738485e+00
1.173290790016971341e+00
1.157312592301957377e+00
1.143989181906753139e+00
1.145020595237390415e+00
1.151988294101958354e+00
1.145455660134189868e+00
1.137800335398846174e+00
1.142126500202163442e+00
1.133087835771257934e+00
1.135225195088897632e+00
1.135347427312522361e+00
1.144987799904563230e+00
1.138752990855937730e+00
1.131691049364884405e+00
1.142084586976179539e+00
1.140032399784434824e+00
1.137448481416766910e+00
1.154440721792637792e+00
1.138263238495369922e+00
1.126112871286503392e+00
1.129370397919715607e+00
1.121430847990949609e+00
1.148971496961171734e+00
1.157757004937776335e+00
1.129720164121733816e+00
1.130345510983564061e+00
1.119268238140090688e+00
1.124401095198161560e+00
1.120514413637577977e+00
1.128106828945786289e+00
1.122698952417360729e+00
1.125797724950265088e+00
1.114864952852153479e+00
1.116986829357845989e+00
1.115335550528206765e+00
1.120690395259468897e+00
1.137036846806592116e+00
1.118137045501853999e+00
1.116510492005212241e+00
1.118867942322869569e+00
1.113107969026552624e+00
1.101358376170433973e+00
1.101284446515739424e+00
1.110562889676242948e+00
1.110372977632033464e+00
1.108596686754006688e+00
1.098576733263732619e+00
1.101194302456673269e+00
1.091263965641627420e+00
1.108012857398313900e+00
1.094780518209594655e+00
1.101307013950322045e+00
1.102154766364854543e+00
1.091598602292333853e+00
1.099051771041010817e+00
1.098487277852631561e+00
