2.587136968020021133e+00
2.250879336891536742e+00
2.167940321091557543e+00
2.086603030906118317e+00
2.008821199836368532e+00
1.938931420506098124e+00
1.898528909424428646e+00
1.844081001656996843e+00
1.783781092073086105e+00
1.732325848277905811e+00
1.690671398325885200e+00
1.628424134717058713e+00
1.617533543054898937e+00
1.570964333807273627e+00
1.520978765701180180e+00
1.476005868154756095e+00
1.422131825011006212e+00
1.351626970874729494e+00
1.317051337726080629e+00
1.251867603414579477e+00
1.243712112813015302e+00
1.187303655183137296e+00
1.129594456955406390e+00
1.116734444690688832e+00
1.052409425842875113e+00
1.011267875557515072e+00
9.575364613144821124e-01
9.152056751128291312e-01
8.856182814129657244e-01
8.541875019002316272e-01
8.302663248461977785e-01
7.817582517174884726e-01
7.658243807717611817e-01
7.487222578179399957e-01
7.109035324694504832e-01
6.837622711745822146e-01
6.694438754299116834e-01
6.510941259249579671e-01
6.074739474616186463e-01
6.241242088165179780e-01
5.840475330359252704e-01
5.662818520331156513e-01
5.363378058942073201e-01
5.221492543391974550e-01
5.059775230114624822e-01
4.862379731365266133e-01
4.796870222651327675e-01
4.537442125167743256e-01
4.551452455721198831e-01
4.224652587316091168e-01
4.251233236598839227e-01
4.133728517767855659e-01
4.086417281239456689e-01
3.762598181676670706e-01
3.882912479876824974e-01
3.881762157948725478e-01
3.750236853653896030e-01
3.730792926884732852e-01
3.439203973864602970e-01
3.800455941597512544e-01
3.499219343167309093e-01
3.389018575080861018e-01
3.157301267338575301e-01
3.282049838529351171e-01
3.401172428393137714e-01
3.280298434895446702e-01
3.292391429600916020e-01
3.169183025043078583e-01
3.051039939253430422e-01
2.870351015470082867e-01
2.690815500197287768e-01
2.788405412330394739e-01
2.658836602598549925e-01
2.785906017716251459e-01
2.566286124885486797e-01
2.521305693214913601e-01
2.450601604932683975e-01
2.648182701385166649e-01
2.407167287419576529e-01
2.458054741978483448e-01
2.516410341094598158e-01
2.353354837022610668e-01
2.259082291957643096e-01
2.353609539113504234e-01
2.234162201389690572e-01
2.300272396332211644e-01
2.213587131922410134e-01
2.278236552486588018e-01
2.214585528121389146e-01
2.305051731691269978e-01
2.071762610242033620e-01
2.105357614996637150e-01
2.136382870224469988e-01
2.246483934580713604e-01
2.167213908933719735e-01
2.167936430857333729e-01
1.973026896671491726e-01
1.995712813075879444e-01
1.940874730715758112e-01
1.926309843440230651e-01
1.905246025186380920e-01
1.809027563765382152e-01
1.920805727934093432e-01
1.866882931911152677e-01
2.005161530612443455e-01
1.834020349152861440e-01
1.918035307279920554e-01
1.688931310395211105e-01
1.816716291404643913e-01
2.012631902458548172e-01
1.781233049110285682e-01
1.760938858241853644e-01
1.719932979126959915e-01
1.682485079789582116e-01
1.785146485675465078e-01
1.775474012949411762e-01
1.717519208566466449e-01
1.653791349608668415e-01
2.042002950869551137e-01
1.889826807027917832e-01
1.780650873480205398e-01
1.729667209988533239e-01
1.649065889124954332e-01
1.540466913779037494e-01
1.635803278419347140e-01
1.625039188274696733e-01
1.459556579023720824e-01
1.606393171780144957e-01
1.685638159634785527e-01
1.492442374839226260e-01
1.513784302542620364e-01
1.432875634816802579e-01
1.620227390018214586e-01
1.508330015549019243e-01
1.440755753010875273e-01
1.502463522201639146e-01
1.588635376706375724e-01
1.455495904832876108e-01
1.504325670780287949e-01
1.436754950351275262e-01
1.594562655468970414e-01
1.608943585988786285e-01
1.570815608774790706e-01
1.525250799054206630e-01
1.475053728839920975e-01
1.493963869629753860e-01
1.406733202804865690e-01
1.520845266905697935e-01
1.502204379686021829e-01
1.403358365374957339e-01
1.463714491277730845e-01
1.448504634434041316e-01
1.362214182962232512e-01
1.398172533010692553e-01
1.308339030723235374e-01
1.333191211826927347e-01
1.263369231445656826e-01
1.742144723396288342e-01
1.384096864201482258e-01
1.289273731339738160e-01
1.310174360851096287e-01
1.454598332680711315e-01
1.470211301317370378e-01
1.470323762625172781e-01
1.585019649166912181e-01
1.628585540496186868e-01
1.540929684605009675e-01
1.646944131181553861e-01
1.459213592304141882e-01
1.445395622195188301e-01
1.206644218177452543e-01
1.251355996368050949e-01
1.328925271310023304e-01
1.343984334973499506e-01
1.381380476330481555e-01
1.226313383478969538e-01
1.222005008923311847e-01
1.360396906187608668e-01
1.523294509912928307e-01
1.383916994448109172e-01
1.191458690764946038e-01
1.231750059706061690e-01
1.193938589929078586e-01
1.405108729971312476e-01
1.270376812651490550e-01
1.128393290728694487e-01
1.245561727654982409e-01
1.347111264898301353e-01
1.210751898859702136e-01
1.250848826652789514e-01
1.188824975425870345e-01
1.297747046159759832e-01
1.263710841071492563e-01
1.220185462501673368e-01
1.197611044288652143e-01
1.320902448314339450e-01
1.164170826306336615e-01
1.281292975413912405e-01
1.236199373265619711e-01
1.217286074015955094e-01
1.154649221064115994e-01
1.174536483865256525e-01
1.246364277609329496e-01
1.151382921306540186e-01
1.133776075703318148e-01
1.193349921577982892e-01
1.194193671524443751e-01
1.130506632043354609e-01
1.243077054356946376e-01
1.258996760161793238e-01
1.134830194258786978e-01
1.087246995768035990e-01
1.148325831223698801e-01
1.146400569858512242e-01
1.235443253166154803e-01
1.170989893872184662e-01
1.337808908609069425e-01
2.641541458454028657e-01
3.968060140774725686e-01
2.951395698447725757e-01
2.244006913342340148e-01
1.910597263877071572e-01
1.542927107016784649e-01
1.511660146866918852e-01
1.251752449343615237e-01
1.337034659740720943e-01
1.246376608977324274e-01
1.263821228145744213e-01
1.419792966247413746e-01
1.301993383562225215e-01
1.165139607104549863e-01
1.205554310955218450e-01
1.067557592384689030e-01
1.192817706488366047e-01
1.139521160778391162e-01
1.107535999738377547e-01
1.166389139528352242e-01
1.183626054403254524e-01
1.091558862088331527e-01
1.254001846145257337e-01
1.185448957629896133e-01
1.106551709904599612e-01
1.146629546115647547e-01
1.100162745755433741e-01
1.103780245865863263e-01
1.066609328787071209e-01
1.155979153340027793e-01
9.654881368458190227e-02
1.190406291403149353e-01
1.004960134807402899e-01
