2.696145878718051225e+00
2.313519736643238733e+00
2.235099757057355419e+00
2.162596079517089986e+00
2.097387356221109833e+00
2.030321308198097974e+00
2.002021534957264759e+00
1.937202844723270534e+00
1.921548464243253429e+00
1.887125957287150380e+00
1.833768256160265064e+00
1.845822376020889610e+00
1.766216540110159716e+00
1.764463687525351876e+00
1.756637829291448405e+00
1.710459774999476101e+00
1.672395341270167313e+00
1.701645025404693312e+00
1.628629360949491733e+00
1.622759411098837257e+00
1.553441035537253878e+00
1.561614740816838376e+00
1.495245486457441597e+00
1.504582897131931496e+00
1.475904872815353430e+00
1.459074891891376069e+00
1.393203313832690693e+00
1.393200947924579047e+00
1.374052646687428769e+00
1.356668962875894113e+00
1.347896267471675902e+00
1.333073224756093245e+00
1.287391362390815752e+00
1.243390619350417836e+00
1.264054724286983955e+00
1.229209061070083653e+00
1.211801201549928653e+00
1.197871173900050490e+00
1.175980278724245931e+00
1.172725031220605674e+00
1.191273962141215614e+00
1.184054033403642459e+00
1.134146704036474551e+00
1.140517668694945197e+00
1.134164227397665092e+00
1.095195963715924758e+00
1.102598975762583366e+00
1.094261094381883570e+00
1.074893597184883864e+00
1.067931504553661481e+00
1.065878181719553508e+00
1.061685570383007260e+00
1.044120555331619737e+00
1.050236651903900365e+00
1.034873938301686946e+00
1.025025757391061276e+00
1.024151639343116704e+00
1.021442581711177855e+00
1.003645063497965229e+00
9.955405863848599823e-01
9.874790744348005411e-01
9.973298462469186720e-01
9.867168894616363817e-01
9.653461720273808222e-01
9.557872839181038582e-01
9.773617898754705102e-01
9.522180740027770263e-01
9.699088103735624689e-01
9.397559906766728144e-01
9.636874603287012286e-01
9.336840550805690642e-01
9.336535510085168799e-01
9.520594096733724365e-01
9.344208773473224872e-01
9.215935551165886919e-01
9.191551121960177539e-01
9.193456130079530331e-01
9.198401339827270151e-01
9.157150631196786517e-01
8.964641057814154435e-01
9.091152539893762041e-01
9.035181955534211662e-01
8.949344756645295496e-01
9.029151422844813313e-01
9.194698615992894508e-01
8.982725618167033410e-01
8.855539010370117037e-01
9.019459179492624878e-01
8.772906674782326997e-01
8.796248778074049479e-01
8.845767913388753456e-01
8.503171983535124934e-01
8.645255398232707389e-01
8.694476776401255380e-01
8.550325793844711919e-01
8.493580211616111875e-01
8.587071817959665010e-01
8.502315008656464723e-01
8.470859931152582289e-01
8.616222577470290522e-01
8.388754416514930812e-01
8.517768206719303903e-01
8.337581304876258148e-01
8.430345632651443655e-01
8.273177608706087094e-01
8.424757988352626903e-01
8.258796512999722061e-01
8.235338132125875621e-01
8.208739642695785932e-01
8.276635488467429802e-01
8.084398643132627571e-01
8.014872118608274976e-01
8.062420126702762868e-01
7.935927141472960411e-01
8.075418587940842441e-01
8.238424798688539497e-01
7.994428245474557437e-01
8.085170499828809865e-01
7.896588885476825137e-01
8.046491964539485009e-01
7.997555840290385687e-01
7.871526915635636001e-01
7.882437712463626900e-01
7.699728662317449901e-01
7.852245870082963375e-01
7.851713002132431063e-01
7.653507913792634287e-01
7.813808408488736035e-01
7.471732761675499157e-01
7.619620685338003296e-01
7.606745841868697289e-01
7.628453125623705366e-01
7.612877022298091267e-01
7.675213043854711703e-01
7.649956661778195555e-01
7.461095639129182722e-01
7.672193045532039735e-01
7.531179860133166981e-01
7.496569947601173789e-01
7.463357077363064196e-01
7.455499692234934805e-01
7.514611372630664032e-01
7.358771813287825481e-01
7.506419701686222190e-01
7.372813574979877327e-01
7.311740509528803500e-01
7.128909576375901391e-01
7.209997699574505203e-01
7.273787517237048084e-01
7.182088234693094764e-01
7.230350000725672688e-01
7.303083449238191305e-01
7.154147388006647512e-01
7.160984549464169957e-01
7.197743081658309894e-01
7.133904151224216283e-01
7.162188539834973833e-01
7.040808449121472856e-01
7.044464843891045103e-01
7.073624769738765528e-01
7.008242418678677366e-01
7.086991653998800933e-01
6.852092421847412185e-01
7.089686372710374274e-01
7.061316890988291739e-01
7.053630842929617950e-01
6.813264449545292090e-01
6.844153595100103127e-01
6.844298074494546968e-01
6.757249173833362876e-01
6.815578294576750684e-01
6.716935797979906031e-01
6.610327676808008812e-01
6.758972006866372784e-01
6.797054670397267850e-01
6.779912268614024518e-01
6.530582077467619317e-01
6.644381031575973262e-01
6.796332283130008811e-01
6.621350577275497695e-01
6.579619999494772387e-01
6.688071434339318833e-01
6.504469247815405364e-01
6.436396914065449781e-01
6.757738841760757564e-01
6.509526634798605826e-01
6.398034158846416242e-01
6.478847820852634554e-01
6.353182283153042675e-01
6.423037138690457226e-01
6.510163708166643026e-01
6.582234703216656158e-01
6.444489503812595999e-01
6.333055683036348249e-01
6.311265641830993145e-01
6.479838133020026092e-01
6.335211229615489437e-01
6.221832184972724278e-01
6.345879442009220162e-01
6.312939933067746034e-01
6.377204206937688857e-01
6.315542432799268191e-01
6.211132807518119359e-01
6.229178152543718427e-01
6.217153653846181349e-01
6.237558969163830014e-01
6.240596270625917708e-01
6.235850251998797944e-01
6.192681516850495616e-01
6.123454265063944524e-01
6.171409773211951055e-01
6.183027202109306897e-01
6.119470996643180394e-01
6.277124236364377552e-01
5.974781661214789708e-01
6.140603146527159328e-01
6.181845906793342893e-01
6.128216863002026171e-01
6.106613616445171200e-01
6.037345777696637716e-01
6.032619706002472215e-01
5.937571319343276643e-01
6.125455516487804397e-01
6.098002239839354077e-01
5.928048059607133879e-01
5.996463395038486022e-01
5.956929370538511792e-01
6.006624633939166014e-01
6.124401302803484937e-01
6.007750213874082368e-01
5.714122433028356873e-01
6.062753342061709683e-01
5.960258644989095966e-01
5.838161345414585313e-01
5.696063661995866001e-01
5.825920275626059741e-01
5.793842593235756233e-01
5.714216955319512126e-01
5.814824722191695994e-01
5.758738343071905241e-01
5.997849298461644940e-01
5.734464032840858039e-01
5.810195373388934437e-01
5.661792522207852452e-01
5.909550026605054907e-01
5.703520969749306113e-01
5.669476957625255720e-01
5.630335152715323366e-01
5.636829297934005112e-01
5.753903962378585923e-01
