2.990312487655287566e+00
2.593211563018477772e+00
2.444679437369472019e+00
2.383115671382991962e+00
2.337761768492462089e+00
2.281629706011374825e+00
2.227879496086565769e+00
2.221268274890842775e+00
2.171038574085468298e+00
2.146407433895437311e+00
2.126726871106161987e+00
2.068889796976480344e+00
2.054720048503280605e+00
2.036100109687815518e+00
1.982281970039636798e+00
1.957230430606909266e+00
1.933861911215969842e+00
1.925686617395771183e+00
1.883223076850135458e+00
1.904211269143154972e+00
1.854757465209857514e+00
1.850743720457058927e+00
1.835787178541620879e+00
1.819899682274020103e+00
1.793025608140383920e+00
1.796354112825691240e+00
1.727867463065293707e+00
1.750284032064668205e+00
1.711680752451416598e+00
1.703597577811905017e+00
1.737151966004391035e+00
1.680324989872677532e+00
1.612229877119957244e+00
1.652508775285335130e+00
1.634361269677833794e+00
1.615641396437118349e+00
1.540731120627156114e+00
1.588919740195513741e+00
1.565110360912907783e+00
1.555188103155656254e+00
1.529115756784074076e+00
1.486045140586035318e+00
1.498742669699473451e+00
1.494105781596583693e+00
1.464617592347040365e+00
1.428938856927154832e+00
1.450425539443741973e+00
1.445259288014032695e+00
1.440093147867893775e+00
1.419256936015720338e+00
1.385470576816853816e+00
1.372291292555458453e+00
1.346857412052284042e+00
1.340487640133706249e+00
1.360739549513264368e+00
1.361844582829417227e+00
1.368627990602314659e+00
1.311575358240704592e+00
1.351124046777287813e+00
1.299842513238397057e+00
1.308883549076892860e+00
1.296563514699120789e+00
1.280606854398667949e+00
1.276536305044528641e+00
1.276996683718553127e+00
1.229040602007261507e+00
1.233658544729328455e+00
1.253263874487443363e+00
1.249819042724702456e+00
1.218699361931840919e+00
1.261877964600779167e+00
1.272554491235896146e+00
1.230438620782124959e+00
1.237810414552365179e+00
1.218440575224411848e+00
1.209812063536779947e+00
1.239063254528485647e+00
1.225778261550892978e+00
1.220945868919144806e+00
1.182040955512462244e+00
1.202642067316590957e+00
1.196542277264950771e+00
1.178615398452272256e+00
1.153148742187945164e+00
1.165721999903385209e+00
1.157416783647265524e+00
1.191850397285968644e+00
1.181842030873939242e+00
1.153694830238414681e+00
1.179541267080578715e+00
1.181831211700853590e+00
1.154763825874639105e+00
1.140745404051310974e+00
1.134170467041564212e+00
1.141969425626493395e+00
1.136596542200531079e+00
1.175209492161930713e+00
1.175789603222985535e+00
1.121084510552187608e+00
1.134824932268549080e+00
1.152325993477085087e+00
1.111657737715111560e+00
1.149849033663036701e+00
1.161815065056530427e+00
1.157903404782552714e+00
1.140505437611563089e+00
1.142940047314565000e+00
1.147393005593013937e+00
1.123350671706076609e+00
1.126867825172972903e+00
1.126418605264847494e+00
1.132384841930591302e+00
1.106920903460141492e+00
1.128775884694289688e+00
1.130720661000286675e+00
1.118314347403020381e+00
1.102521990823939868e+00
1.122606036135752383e+00
1.107854104268502393e+00
1.099882880657951700e+00
1.118698177214716871e+00
1.079842040302633643e+00
1.133083156685330994e+00
1.092709280419058571e+00
1.116772862027425761e+00
1.106910859713560846e+00
1.095448945723524581e+00
1.101038390292888414e+00
1.099201054068400962e+00
1.100092227617468277e+00
1.071797150284496736e+00
1.128519392078249473e+00
1.093071576536429612e+00
1.091261772320099022e+00
1.077400137805550440e+00
1.097747566903785943e+00
1.089556331065163697e+00
1.077789939080682213e+00
1.107786149959227862e+00
1.064507764585953087e+00
1.080261310049442702e+00
1.078003466533676402e+00
1.059231392078839651e+00
1.047708498897837126e+00
1.091191977788182443e+00
1.083736040213699958e+00
1.046632428505689161e+00
1.080998254436974282e+00
1.069224363266208622e+00
1.050390991944632590e+00
1.027271956488429394e+00
1.091087171795248389e+00
1.054233546981656167e+00
1.085125702368840983e+00
1.078442141353032735e+00
1.078299190328434909e+00
1.055023801051777843e+00
1.055587012699856997e+00
1.070089177247465440e+00
1.059671104843936673e+00
1.071738000398089863e+00
1.063090544057507136e+00
1.057412652260897978e+00
1.033171182409879041e+00
1.040088484051107764e+00
1.050088358378313380e+00
1.043205163533846180e+00
1.068688581238931734e+00
1.056782408355857905e+00
1.051421585367686706e+00
1.041012874775372854e+00
1.043298197407250161e+00
1.025354235029932282e+00
1.047128917646861002e+00
1.046116169466254187e+00
1.040539139242314670e+00
1.043191769553330817e+00
1.055566054995056735e+00
1.049042360106510863e+00
1.038713807166835812e+00
1.033727960961806414e+00
1.017363695228115983e+00
1.019018371684256907e+00
1.038202890385766297e+00
1.025381702257464278e+00
1.030686529229421611e+00
1.022240497606580201e+00
1.037734634031919567e+00
1.059158775262948993e+00
1.045773316917781859e+00
1.018970784694563037e+00
1.032042831950789497e+00
1.036708526808662434e+00
1.022568231845322639e+00
9.966567274349839023e-01
1.055602171527805666e+00
1.022655374159483044e+00
1.020256122869908300e+00
1.007719093294286106e+00
1.000574412792314405e+00
1.043542441390100883e+00
1.035529456031856199e+00
1.030770417631400315e+00
1.025175829189279852e+00
1.026242074034754204e+00
1.038694734974502598e+00
1.014511956288662420e+00
1.031702114574944762e+00
1.013256900022602380e+00
1.028624656080714406e+00
1.004331247049562004e+00
1.008569580890753770e+00
1.018100649886733100e+00
1.041276652259774949e+00
1.044705685314038623e+00
1.013086190540722686e+00
9.994590479774423386e-01
1.004918224775969149e+00
1.010847164462023606e+00
1.007551128294930542e+00
1.006681279379121330e+00
1.028197155878695979e+00
9.757108602627323490e-01
1.041318252177219073e+00
1.009506227769554121e+00
1.049610434506932588e+00
1.015960117693348597e+00
9.989074351344373603e-01
9.953443653062693519e-01
1.005537081605867300e+00
9.945514335561154162e-01
9.875789892075019782e-01
9.767386446652612797e-01
9.915250160477377950e-01
9.803621276424568931e-01
9.789929446565894811e-01
9.778066106858376294e-01
9.826624128194159091e-01
1.008861215337807593e+00
9.956468224040203596e-01
9.770624519526716067e-01
9.866846471499232107e-01
9.761987673864274129e-01
9.846236594172960155e-01
1.020701666861732138e+00
9.652881109568933748e-01
9.804850815109190654e-01
1.004720063109248995e+00
9.982751937863623137e-01
9.892769155055891606e-01
