2.865496261795954958e+00
2.393665964114941147e+00
2.311103723751156025e+00
2.248359372851968185e+00
2.164270357652144039e+00
2.148664086450553512e+00
2.084039606912165166e+00
2.037368367290885107e+00
1.982384493425387362e+00
1.985282660662885279e+00
1.923606782949439875e+00
1.941335569890253909e+00
1.871712451712247205e+00
1.841716935547268452e+00
1.824764279206378070e+00
1.827155684195509444e+00
1.783352229617829243e+00
1.753041664651485032e+00
1.724626703048819820e+00
1.685659311843209496e+00
1.676102406943022372e+00
1.686510383516671485e+00
1.619308471841436781e+00
1.613589521826041429e+00
1.601578489249241066e+00
1.559155903564541035e+00
1.564345217948043931e+00
1.579061733010342472e+00
1.522113404895104383e+00
1.523921493435811847e+00
1.499017502106675614e+00
1.485638651142612066e+00
1.447198355052331964e+00
1.405162410302595699e+00
1.399746454069378254e+00
1.366792816481726236e+00
1.373946150413523526e+00
1.331432865788525710e+00
1.328533862306757962e+00
1.307699897072531980e+00
1.281459597428423969e+00
1.306940074853366607e+00
1.268678029809586771e+00
1.247718135084517233e+00
1.231781138170364054e+00
1.236737117191506252e+00
1.206977537884964535e+00
1.237778283362472642e+00
1.189773891480030432e+00
1.202039995219361446e+00
1.193286028451803205e+00
1.166846850186869400e+00
1.143759893918134374e+00
1.157098871558459807e+00
1.140955992275533015e+00
1.136808172009855067e+00
1.125337146758386142e+00
1.156655379519210269e+00
1.122101543716368610e+00
1.159228065929386986e+00
1.111281176677714200e+00
1.092151339536120869e+00
1.099282492048219595e+00
1.091485094991758942e+00
1.098376441519490099e+00
1.078682619001680942e+00
1.061272409343978262e+00
1.064149714632306010e+00
1.092711186797195033e+00
1.091676690523465831e+00
1.063363012659339413e+00
1.047300087710086869e+00
1.029958862219930937e+00
1.054003900799046045e+00
1.037029616221320616e+00
1.044962379955048482e+00
1.029655702402019202e+00
1.047910321842540293e+00
1.035137321602861427e+00
1.030884088622342931e+00
1.016962125715439536e+00
1.022511927696548861e+00
1.030399656036977474e+00
1.029400027509945525e+00
1.002352757483033319e+00
9.900233533683269194e-01
1.017877059196358402e+00
9.982286824300137251e-01
1.011938583495011867e+00
9.970066725318111889e-01
1.003802315027451764e+00
9.948154477607281665e-01
1.011290803935828597e+00
9.931225074680074538e-01
9.839157391759077997e-01
9.822016347053093011e-01
9.658395559849215495e-01
9.537092804747002717e-01
9.709004397469912506e-01
9.649011195919083850e-01
9.625175439195361449e-01
9.672250824511616774e-01
9.474429036092564260e-01
9.754941233786346144e-01
9.571147918539422150e-01
9.736182958170710444e-01
9.675042182813667901e-01
9.538746687256335344e-01
9.747306152147062752e-01
9.260868497263624599e-01
9.349456722247875273e-01
9.429059456452585364e-01
9.465952265699326684e-01
9.681986154662381994e-01
9.542678600250461551e-01
9.422694840942341665e-01
9.253425502712400164e-01
9.422843023588731715e-01
9.324469142561851998e-01
9.354647399612489034e-01
9.231323666941358974e-01
9.074544877501323770e-01
9.274554855140934029e-01
9.241106039471671529e-01
9.632416415246888297e-01
9.290081193036269225e-01
9.496530962443254786e-01
9.210556777070303403e-01
9.198303602767281539e-01
9.277696022346838545e-01
9.171700831831229861e-01
9.225329311117226316e-01
9.188548903128832546e-01
9.287151049726529717e-01
9.123479792673843125e-01
8.987207565572886692e-01
9.296084944072863232e-01
9.145197103272623140e-01
9.264006581526437190e-01
9.020559964057063285e-01
9.137030041686876602e-01
8.925575665735324682e-01
9.063740024087871827e-01
9.035372903906667696e-01
9.083242971182192704e-01
8.814000811635073207e-01
9.048852737755432862e-01
8.963255346872751606e-01
8.956874914699849421e-01
8.909244722556550755e-01
9.066597447304745039e-01
9.001935125206024235e-01
9.089383392353393987e-01
9.161545950489743406e-01
8.972321784318383342e-01
8.946259613761746721e-01
8.826426893593983802e-01
8.974388441528361460e-01
8.938944373719566183e-01
8.676588916228616943e-01
8.800344189762907554e-01
9.031675810568045026e-01
8.801965081869665974e-01
8.750470291160987735e-01
8.719467569238619209e-01
8.622843397520937314e-01
8.629716272431765534e-01
8.672157035915628587e-01
8.664910554724114533e-01
8.777615308276348616e-01
8.622258870863688252e-01
8.664274566694386559e-01
8.780000703143944207e-01
8.763856083114240914e-01
8.557475096011581961e-01
8.686216111260806061e-01
8.581720871226596881e-01
8.656487107438666229e-01
8.462816837523006175e-01
8.732354407232846283e-01
8.704803751799273792e-01
8.352889315082389077e-01
8.675231335929808330e-01
8.704984619141918900e-01
8.507639142195599913e-01
8.769555290809641912e-01
8.732916364999768755e-01
8.546554729281804486e-01
8.532474320811526125e-01
8.412309273612386118e-01
8.615918170807319587e-01
8.619506976174208246e-01
8.441216780663830521e-01
8.431185628698185663e-01
8.452907312191325628e-01
8.395600419193304242e-01
8.432000934511544310e-01
8.429724460864487234e-01
8.452531131669333009e-01
8.353878452949317079e-01
8.497809438563105333e-01
8.429752775092622663e-01
8.212868737074542347e-01
8.341151503403765322e-01
8.345577288191547982e-01
8.325093989456363586e-01
8.364693236965661249e-01
8.228928926356612328e-01
8.188390103415200683e-01
8.370431740054281589e-01
8.293762158506436943e-01
8.288636363668713258e-01
8.108692479748254023e-01
8.084159849294975109e-01
8.265255151804299372e-01
8.348330977490345806e-01
8.282288335556899916e-01
8.287004061761025220e-01
8.002611893649987929e-01
8.120755053439975280e-01
8.219714978333244604e-01
8.156569985877545337e-01
8.106375221804977826e-01
7.993436053779425787e-01
8.038201801974220739e-01
8.029423584931579816e-01
8.228345933083439645e-01
8.082377834591807364e-01
8.086238698364113242e-01
7.881604173451944861e-01
8.076270757245564980e-01
8.068441471218901206e-01
8.103864723500596723e-01
8.028838917552373333e-01
8.009957511033585220e-01
8.037871016414388503e-01
7.813899196795562885e-01
7.994626576897246872e-01
7.856421734293571602e-01
7.928357095213726113e-01
8.036785835812179091e-01
8.108176335874374141e-01
8.028597559987123988e-01
7.831979692386642489e-01
7.832554778541606089e-01
8.020119914529766358e-01
7.774620063431065820e-01
8.007901883513504071e-01
7.844183382703296958e-01
7.864161931999341659e-01
