2.698632402853532231e+00
2.328340403583997631e+00
2.210834351129415509e+00
2.137210677404416614e+00
2.081054073984619723e+00
2.044249473627419267e+00
2.011019681493171785e+00
1.917946313905910083e+00
1.881777116692697094e+00
1.843850360796603693e+00
1.808964558663491262e+00
1.770983026179723918e+00
1.712838944618866988e+00
1.665685506171093122e+00
1.642065494322550334e+00
1.585921003019470144e+00
1.552304554503193712e+00
1.539819957119800575e+00
1.470771151934744170e+00
1.450788389876221940e+00
1.441926860744626504e+00
1.388557303712034896e+00
1.338692272049115894e+00
1.290744687598628371e+00
1.251052379122906233e+00
1.212951223918184995e+00
1.181422893680743380e+00
1.140393943686336398e+00
1.116537525663544139e+00
1.092398356631135270e+00
1.062414611372565876e+00
1.027726417965934225e+00
1.004692518727265060e+00
9.747293707150131992e-01
9.630672484434119607e-01
9.279532466523521261e-01
9.115445547543840066e-01
8.924315806321567734e-01
8.734098143946363857e-01
8.533405484467381230e-01
8.461375700731937899e-01
8.436216659429438547e-01
7.965556874851035252e-01
7.803067155738374616e-01
7.679054389329907915e-01
7.647281136247486844e-01
7.370353834438194696e-01
7.251697208535234918e-01
7.175080876499212446e-01
6.996541624153324035e-01
6.673126806235862851e-01
6.811505450969473907e-01
6.470477006005140863e-01
6.369857388564981182e-01
6.136372597279025065e-01
6.098599594030806870e-01
6.047877965335768380e-01
5.966454998285508626e-01
5.947813140165206791e-01
5.778944362131840373e-01
5.891490180747964711e-01
5.643888868826215655e-01
5.437525787379395847e-01
5.501740022462614510e-01
5.293496587544962440e-01
5.536521415212261044e-01
5.309392113941171498e-01
5.183112603514942185e-01
5.069078915478254510e-01
4.944593703407121899e-01
5.178986539106356091e-01
4.931676513142631002e-01
4.748851351611811378e-01
4.692679304766040338e-01
4.874300671238426808e-01
4.805036149160832881e-01
4.740910781206237323e-01
4.867482161101363003e-01
4.769676220142048950e-01
4.629289903343128398e-01
4.510865653871357628e-01
4.435055504983930197e-01
4.466530330469035692e-01
4.316189809926005982e-01
4.272447997549980725e-01
4.285143310535228789e-01
4.058311520551244334e-01
4.038052096295712823e-01
4.226592131353297810e-01
4.010065703411438975e-01
4.047859626110729137e-01
3.972294212519880130e-01
4.025313406576133124e-01
3.918126438980671922e-01
3.805350169155296558e-01
3.725569417227559965e-01
3.794014224203826613e-01
3.777540582086855725e-01
3.648399985224776709e-01
3.940756012820809118e-01
3.587099839017057756e-01
3.601430566776721021e-01
3.580399921095678839e-01
3.504028840336741446e-01
3.541724288803266285e-01
3.660605302740146394e-01
3.608973346539397498e-01
3.314348514238562027e-01
3.535804209505363227e-01
3.489630509021324212e-01
3.394378641243705474e-01
3.352337380115503751e-01
3.393275872823179329e-01
3.539400585551760181e-01
3.429316839903310266e-01
3.360891622798252154e-01
3.212112137792553779e-01
3.341992271399401027e-01
3.185575468164932866e-01
3.200879449194127813e-01
3.301837476655294923e-01
2.998222689696535825e-01
3.082771464636400172e-01
3.058995472284961603e-01
3.054869544554597582e-01
2.948323629766176901e-01
3.131224149522173206e-01
3.047346315843279529e-01
3.024797546329782705e-01
2.874657311141895488e-01
2.915469595260180014e-01
2.763650234146713403e-01
2.942519988182280000e-01
3.129868229176328565e-01
3.063793927633293168e-01
3.007866823932047184e-01
3.014248332142668296e-01
2.800023945975982920e-01
2.895613781390067309e-01
2.869804626484900867e-01
2.756048212057861657e-01
2.846926982884814827e-01
2.767661088923424328e-01
2.684159904839711341e-01
3.027718418165333825e-01
2.830888052727506543e-01
2.915402129393581676e-01
2.813184356349779369e-01
2.724643473992354181e-01
2.809134233272868042e-01
2.686277967618634355e-01
2.713151452014048171e-01
2.700645957177497114e-01
2.824265193825984399e-01
2.927570284787803234e-01
2.838799928793913629e-01
2.585074930291324513e-01
2.633726948232792964e-01
2.513691278697677833e-01
2.770241028256461568e-01
2.676167687858622690e-01
2.683391603596983477e-01
2.677401626934998724e-01
2.753377167793594760e-01
2.762374346178616547e-01
2.710533116209943860e-01
2.774163605481022032e-01
2.814868532495227171e-01
2.789864255421197203e-01
2.663736743511306293e-01
2.554330965516686813e-01
2.483680918711658470e-01
2.678201405212707886e-01
2.491403836731671262e-01
2.435820068926468351e-01
2.634221412029162934e-01
2.383826028257406138e-01
2.444217146009085573e-01
2.627536393449296792e-01
2.522055587176552094e-01
2.559470180902261305e-01
2.437762364927108238e-01
2.607480033605360514e-01
2.540786202435901253e-01
2.551008480698315206e-01
2.406761775265878756e-01
2.473303524415884358e-01
2.560861790034631991e-01
2.280325860472514898e-01
2.591588585517461407e-01
2.476567542091962226e-01
2.499676944847184501e-01
2.457369084354980304e-01
2.566980847146164701e-01
2.410462208526914230e-01
2.463690063523146234e-01
2.498159462351003113e-01
2.441802792746467499e-01
2.581148218954919527e-01
2.365777832399068026e-01
2.310479385841491262e-01
2.421585932232469818e-01
2.250079397349700472e-01
2.525726310110156803e-01
2.205178335693183389e-01
2.304444080938962969e-01
2.463637771769812135e-01
2.394640351490217312e-01
2.194716941914047204e-01
2.373098639652557462e-01
2.363392965036622551e-01
2.412709106098521739e-01
2.350065170343727805e-01
2.326284097444412668e-01
2.271977858150344975e-01
2.157258865305979600e-01
2.368094003386542745e-01
2.150350562429492740e-01
2.460529942323265440e-01
2.252361259475006705e-01
2.471270124494948650e-01
2.372281642345107633e-01
2.507863567593625054e-01
2.359166327899314408e-01
2.436292463840267208e-01
2.162054284011978023e-01
2.280335352936787296e-01
2.176738314259812623e-01
2.375742348272409099e-01
2.218626650856501958e-01
2.271030115790088899e-01
2.333068293058079556e-01
2.209438971538233154e-01
2.128901506295197699e-01
2.077192347117647886e-01
2.243420147062803738e-01
2.086246782153076407e-01
2.191439368831577528e-01
2.054598222877147828e-01
2.240846742000152936e-01
2.222555185512739284e-01
2.117485102756375970e-01
2.061334708490721035e-01
2.313645884010490927e-01
2.207880844254668518e-01
2.074851815056768523e-01
2.171408241283618590e-01
2.135157063906681363e-01
2.071966277978798676e-01
2.008321780200890971e-01
