1.897165108082899398e-01
1.742090679088473537e-01
1.671796161858327134e-01
1.627325495879394512e-01
1.599496583804346783e-01
1.582448027795496648e-01
1.555854730722538715e-01
1.540666301425147044e-01
1.521117647596744726e-01
1.510100601445706625e-01
1.496912137462455550e-01
1.487895341506644820e-01
1.478858884712087318e-01
1.464073295670901553e-01
1.454864667382298471e-01
1.449574715934259239e-01
1.441407163034785777e-01
1.435970111448049980e-01
1.421774171869014114e-01
1.425285681657584014e-01
1.415691470557993159e-01
1.400601786019197159e-01
1.396935502297195764e-01
1.396134774752840757e-01
1.386946773148941825e-01
1.387875342951377378e-01
1.371669896260369059e-01
1.371932480802691423e-01
1.372183210126742270e-01
1.362923907578557636e-01
1.359695591426769157e-01
1.356235662503028905e-01
1.351158445652983764e-01
1.346657837221709730e-01
1.340846511531555429e-01
1.332213615991043876e-01
1.329547930281392010e-01
1.329970547431521266e-01
1.328675540687271062e-01
1.333015668667155429e-01
1.306344906583408183e-01
1.311759218229852919e-01
1.301783177106966005e-01
1.304805131788331352e-01
1.309887369541170854e-01
1.312152721301186320e-01
1.305011575447655725e-01
1.299382937690457818e-01
1.286305299931012336e-01
1.292886229552925037e-01
1.283993316432675835e-01
1.297221814397232220e-01
1.288348789575788911e-01
1.286811836902936601e-01
1.275434983411508072e-01
1.277245914960327966e-01
1.282659880058736324e-01
1.267836862414306875e-01
1.280423979119497402e-01
1.271517759282521087e-01
1.280891949480230108e-01
1.264741928537794491e-01
1.252963469948826791e-01
1.257644363222807926e-01
1.258252842334103005e-01
1.255476650260035076e-01
1.264843102367632643e-01
1.247157480977121868e-01
1.243663000364963467e-01
1.249927455000832133e-01
1.245810992035160519e-01
1.238606869163474400e-01
1.245279941338858776e-01
1.238883067139777000e-01
1.248930226632342100e-01
1.235463088087666861e-01
1.242240929377127490e-01
1.239154713286473586e-01
1.230165277540764684e-01
1.235570536580143930e-01
1.230794405880582532e-01
1.227371994825522256e-01
1.218905958019732838e-01
1.229738213192656388e-01
1.217217681022156189e-01
1.210748504144689291e-01
1.210997454528892764e-01
1.215151210329425829e-01
1.215717590728640773e-01
1.223994708408979448e-01
1.211044792707610118e-01
1.216407392573324309e-01
1.198758258303599528e-01
1.218394232127850835e-01
1.218048492433905089e-01
1.205406434015147271e-01
1.215779520823965232e-01
1.211044383178410677e-01
1.205169703695149752e-01
1.195664934642117622e-01
1.202445665786353729e-01
1.195551480294244490e-01
1.200702676456042450e-01
1.189174784430817033e-01
1.190384502043717596e-01
1.185319115037510446e-01
1.188739860680565891e-01
1.188089955330218495e-01
1.201677783676694811e-01
1.207368498013495078e-01
1.203176439354345373e-01
1.183278088330251970e-01
1.193202966912630669e-01
1.184542110465274939e-01
1.180816714625345654e-01
1.173479760437192848e-01
1.191092189426661563e-01
1.185365508903156589e-01
1.178873690449237233e-01
1.178666401447240469e-01
1.189736131796034629e-01
1.180467196769274391e-01
1.173242816709113429e-01
1.174088634419150068e-01
1.168341687709861382e-01
1.174347727399021185e-01
1.167093887318587792e-01
1.182784600286988369e-01
1.178497427839437089e-01
1.172504228118963765e-01
1.175771581673719229e-01
1.165452782504432377e-01
1.161231972186180378e-01
1.162667154275093123e-01
1.167691561874896894e-01
1.166304887008311197e-01
1.172029855515772517e-01
1.153551907843456542e-01
1.157348284869375160e-01
1.153870734867603193e-01
1.170523813856181872e-01
1.167612569141258522e-01
1.156079735571526185e-01
1.163919208776028891e-01
1.154632352120679023e-01
1.160420473346554932e-01
1.155113364333537063e-01
1.158559368961216418e-01
1.147854786512809699e-01
1.179221322004313094e-01
1.156031030711681257e-01
1.164779399333362442e-01
1.139233270647406066e-01
1.162155401593470971e-01
1.163706509863990657e-01
1.149218473457093159e-01
1.160173986910803118e-01
1.160921914505505664e-01
1.144773559379448219e-01
1.148067793961781158e-01
1.149647723746914374e-01
1.142488535053856197e-01
1.138904873923660133e-01
1.148019232452320154e-01
1.141977257915397226e-01
1.143977359503386276e-01
1.146037529653577691e-01
1.159833419153130651e-01
1.160380590702008996e-01
1.154027144895965057e-01
1.137750997553039906e-01
1.153854071446966112e-01
1.147523257512412242e-01
1.132446527885452581e-01
1.131842369706530377e-01
1.121452769196340793e-01
1.131860557615029100e-01
1.144264881654542682e-01
1.141316075701888227e-01
1.131522320969133855e-01
1.137305554634356897e-01
1.137038709714584123e-01
1.138601875895561000e-01
1.128524396886980835e-01
1.112573684333460905e-01
1.114609676591415133e-01
1.133869222619316858e-01
1.136256602455026632e-01
1.130528879658985048e-01
1.127423904280164396e-01
1.127003679807668107e-01
1.127297166365943126e-01
1.131755876856549020e-01
1.131426718394338976e-01
1.132494491528785313e-01
1.130287424336456764e-01
1.123475211102571009e-01
1.136993490857055727e-01
1.131564309489452025e-01
1.121564963617674160e-01
1.110344017619517287e-01
1.122763678936977705e-01
1.126677110851862368e-01
1.119288226723509222e-01
1.130942536500286338e-01
1.121661847146427637e-01
1.105126049698127028e-01
1.128882913972823615e-01
1.125539418719355145e-01
1.120599296596027639e-01
1.110899074551531807e-01
1.122152109603868908e-01
1.114052838192219064e-01
1.123444083345146588e-01
1.126685367652001529e-01
1.104584194143559267e-01
1.119805696740079348e-01
1.128911798974066988e-01
1.103320687887950069e-01
1.107486508574382217e-01
1.102095784131675166e-01
1.117713149318539795e-01
1.104309184418604539e-01
1.119852905822576600e-01
1.100436788118031167e-01
1.102991041852467158e-01
1.112778746248747341e-01
1.125498210841959223e-01
1.122858010566056691e-01
1.103577043057458601e-01
1.099831025991866856e-01
1.110779444511418718e-01
1.110752085615530765e-01
1.120139816763281310e-01
1.138482455118702136e-01
1.102964239374429889e-01
1.100501188429595656e-01
1.096842892296116950e-01
1.116209320996962573e-01
1.123114767480575954e-01
1.105062567314266941e-01
1.107835605073330953e-01
1.118433520683116411e-01
1.082784249933797932e-01
1.103516112977646485e-01
1.119116181393976645e-01
1.095668863570835733e-01
1.107461211983028493e-01
1.109748209347718451e-01
1.108431135035111148e-01
