5.624589912633737754e+01
5.078492552977917285e+01
4.821549788014641535e+01
4.730991179859403672e+01
4.565572506075569237e+01
4.517099532173038057e+01
4.423210903147023743e+01
4.475384784060452859e+01
4.342439934303020266e+01
4.239234655368797888e+01
4.228049934306756086e+01
4.048384670403056163e+01
4.132297055544377429e+01
4.017933041158274676e+01
3.996887669576506141e+01
3.939105317448013466e+01
3.890424795478142528e+01
3.805695720736323295e+01
3.919705934991389995e+01
3.846182438786247104e+01
3.682280953830392889e+01
3.659484194233793630e+01
3.695782044838214375e+01
3.662766307148293521e+01
3.557994607234089557e+01
3.658135830827534107e+01
3.573266250240097719e+01
3.466533740307090028e+01
3.490954859114339826e+01
3.467702799661112323e+01
3.371101741452375933e+01
3.315812468950824865e+01
3.399021952188220297e+01
3.335827251663202020e+01
3.312921385966204468e+01
3.205193376405338768e+01
3.281693934245502930e+01
3.318494518809571048e+01
3.110824371184327575e+01
3.113277372042533742e+01
3.015981147107966365e+01
2.963507216864178417e+01
3.093609660335362221e+01
2.982678880076396766e+01
2.942221866228750571e+01
3.000180625097064535e+01
2.893869128067211705e+01
2.837406717916134014e+01
2.932061866498345992e+01
2.755547828898934526e+01
2.762491444195505963e+01
2.944359636449902240e+01
2.892214816779338804e+01
2.772966883983004394e+01
2.693090056205911509e+01
2.618548771416025289e+01
2.501222117966398883e+01
2.540575182452577963e+01
2.549391339722965810e+01
2.563438230051929878e+01
2.552314611098595876e+01
2.513531834808329890e+01
2.434795122659705413e+01
2.442725915924228630e+01
2.368343862748058015e+01
2.368525117259527590e+01
2.484332731226688651e+01
2.297056568102002672e+01
2.296956721362955989e+01
2.248225200803849333e+01
2.363211245098944957e+01
2.271489449116984005e+01
2.372258320971956636e+01
2.293729799257343771e+01
2.239222216976834190e+01
2.219835569705869105e+01
2.193450055843944213e+01
2.179407649766195121e+01
2.255283872293207281e+01
2.222593883399305525e+01
2.096734627747330038e+01
2.195635171254793860e+01
2.137545441847129624e+01
2.195143275807056682e+01
2.167158331949575967e+01
2.089320396455784490e+01
2.156651936968779637e+01
2.022684120662106722e+01
1.992496080524081492e+01
2.015588036898909152e+01
2.103580876509544240e+01
2.073566892056776112e+01
1.976515637059223351e+01
1.960045915471362576e+01
1.965013792266692860e+01
1.926342388521420901e+01
1.998472891480024316e+01
1.971757646855608925e+01
1.901868725503826951e+01
1.874652489505965391e+01
1.866031330242165964e+01
1.832456564336207805e+01
1.847974158337184036e+01
1.901899519527853855e+01
1.916849893261793625e+01
1.775376509590615726e+01
1.782286581485142207e+01
1.779349513759313695e+01
1.786353921328712602e+01
1.803610871124810799e+01
1.774864352243066890e+01
1.795933403962938613e+01
1.764164904396742273e+01
1.740004244087070973e+01
1.732713347054981412e+01
1.803671990479962162e+01
1.745303656133305026e+01
1.748369444334154821e+01
1.761955200565125423e+01
1.747000243947864107e+01
1.747041485453107157e+01
1.686098443518572054e+01
1.656344560030940016e+01
1.708276194172539775e+01
1.695381939699276685e+01
1.693744534777082578e+01
1.681898486471088106e+01
1.649242112855312214e+01
1.621867647010997970e+01
1.604803454626370041e+01
1.634209929892949376e+01
1.655111226727589724e+01
1.652932241628763066e+01
1.592844882891903424e+01
1.717146836494650586e+01
1.597532480573419278e+01
1.635598972852667643e+01
1.572950814611145454e+01
1.549644172215476345e+01
1.540037418610136477e+01
1.568103133340187227e+01
1.569539651271010783e+01
1.563505525219029302e+01
1.543168247625085066e+01
1.501780617389405847e+01
1.536275369404205016e+01
1.570630559908785884e+01
1.565495621732303100e+01
1.578895805574256350e+01
1.498691271610668174e+01
1.540605235075935830e+01
1.550183231064251288e+01
1.516968718833597407e+01
1.537660416234009197e+01
1.487560465104253815e+01
1.473247216581343899e+01
1.526812583222765163e+01
1.474525712241459985e+01
1.502651468308394911e+01
1.457497516942435212e+01
1.465570706334607465e+01
1.478238993905154253e+01
1.479010153339781120e+01
1.468117632817825680e+01
1.420425567796151078e+01
1.457378902959779587e+01
1.476059640129211381e+01
1.441713651493558856e+01
1.371287449621801890e+01
1.422874680262407665e+01
1.422169678403165527e+01
1.423135848857205588e+01
1.404415954398037236e+01
1.398672041928239729e+01
1.406105748701638802e+01
1.393621232364271734e+01
1.423100383374197797e+01
1.409575350821165074e+01
1.368378261474920166e+01
1.341986934596608450e+01
1.357860179951992485e+01
1.376318762524815043e+01
1.356809053050693414e+01
1.443224793639529580e+01
1.452243092560709314e+01
1.618121218472132128e+01
1.448220394373747411e+01
1.391753045770481734e+01
1.373901324260410917e+01
1.440732608197871834e+01
1.384201484947956295e+01
1.338563058077554935e+01
1.301491641666134491e+01
1.282097935671069244e+01
1.335532502134518751e+01
1.294470287461219193e+01
1.294196652745818987e+01
1.300737946163037151e+01
1.297260841859385216e+01
1.281924690060280803e+01
1.305444181440719298e+01
1.268962122520129121e+01
1.275716290844999001e+01
1.272495666206837228e+01
1.265390589963553047e+01
1.272204546670755221e+01
1.284749063728331286e+01
1.249787300507643550e+01
1.237917916221645243e+01
1.280633221205158812e+01
1.249006524696725862e+01
1.269316541324621994e+01
1.249178671121156903e+01
1.225455638841528661e+01
1.274303847254056699e+01
1.299508225596670385e+01
1.221423263018354355e+01
1.212437074818634564e+01
1.230980832931663649e+01
1.253157158142754035e+01
1.209981740009168050e+01
1.229703092688850496e+01
1.202313520676763936e+01
1.176486389452747616e+01
1.204101006281126374e+01
1.149283688326407571e+01
1.220282500795102365e+01
1.172521843440060074e+01
1.162087801592470271e+01
1.172749068441209097e+01
1.159336098167916695e+01
1.219828361234274539e+01
1.209554017810472004e+01
1.174564031640003492e+01
1.180347749411032154e+01
1.189186882607528695e+01
1.140159806548594901e+01
1.190361835992908723e+01
1.107156338353682656e+01
1.148241864392542944e+01
1.156132847755193183e+01
1.119656012759640440e+01
1.178410289297109692e+01
1.134956991828500961e+01
1.126386305647604047e+01
1.127245276599315105e+01
1.164624034391321672e+01
1.095349465108710518e+01
1.106095331532908155e+01
1.116741998629470167e+01
1.120598970792196525e+01
1.122608861165680949e+01
1.126582970723436361e+01
1.115385631359930052e+01
1.053710931950602081e+01
1.101097238155568192e+01
1.128733664567540984e+01
1.053721138567026117e+01
1.107391646744802749e+01
1.079782307390215301e+01
1.095686809863583200e+01
1.111144392210714926e+01
1.104289499776704098e+01
1.084916916322605296e+01
1.102273958816830834e+01
1.103078521211893026e+01
1.096151249734638888e+01
1.119255245860500914e+01
1.081700746603126539e+01
1.088887792480696426e+01
1.086486589752614762e+01
1.089838319016721613e+01
1.098618067039424595e+01
1.116512232310519259e+01
1.135621155242394487e+01
1.062586848801139361e+01
1.108549603737266942e+01
1.078785559325823229e+01
1.092414252733435553e+01
1.093601764197199877e+01
1.055058636075904133e+01
1.047219989698361964e+01
1.074066991946233252e+01
1.082005909450462156e+01
1.056250050810757379e+01
1.027313261829646862e+01
1.058173233553253212e+01
1.056201750849341536e+01
1.033397979643471132e+01
1.051560631961437942e+01
1.039005744339797310e+01
1.097158921816445876e+01
1.039002876659038499e+01
1.118435884065228691e+01
1.028501078616735853e+01
1.037117779155817132e+01
1.004542178040361122e+01
9.852170260467111973e+00
1.019655384029734435e+01
1.001950826639025038e+01
