3.245550324902331418e+00
2.907617694224112093e+00
2.769938060607033403e+00
2.679761137488405609e+00
2.625533322291731864e+00
2.569316583360023110e+00
2.535922921937087349e+00
2.480718719870597777e+00
2.456837321391695639e+00
2.430393894755251694e+00
2.384173825675365954e+00
2.374063820755103027e+00
2.328397382506653734e+00
2.312522019140618834e+00
2.295138298135258381e+00
2.265697115333278777e+00
2.245236669221868819e+00
2.211427250369486508e+00
2.180295089517919838e+00
2.203955295603367226e+00
2.150369612891743554e+00
2.138178248031466833e+00
2.096084594404157286e+00
2.081731584444491023e+00
2.079843058144425605e+00
2.073738824523244872e+00
2.040237328343652567e+00
2.028797931893602247e+00
2.028250379285109428e+00
1.989702184027800191e+00
1.974561027613260134e+00
1.964921608496711825e+00
1.970152620047310732e+00
1.955669968977741702e+00
1.942308998817201315e+00
1.952940825919511791e+00
1.872755921958990433e+00
1.896315036068259241e+00
1.883754273739273843e+00
1.864796542815053026e+00
1.878675661109604489e+00
1.852606847207235008e+00
1.827783965999972171e+00
1.804053922453951797e+00
1.816602518221588802e+00
1.792746912070913412e+00
1.786493226110008381e+00
1.745472545717276835e+00
1.755574910684241319e+00
1.753113104573289061e+00
1.765513598354705893e+00
1.746055779382939210e+00
1.705488452482578188e+00
1.702818978550145523e+00
1.659995332853950512e+00
1.643699788257348748e+00
1.694654319075171056e+00
1.683853923911738937e+00
1.652616754990320347e+00
1.649325616622470791e+00
1.630132772053634049e+00
1.581120740166381156e+00
1.635948571544631802e+00
1.577013450349159074e+00
1.580569024018293467e+00
1.557620981563338614e+00
1.576220798524672118e+00
1.529309606213598682e+00
1.585525914412079906e+00
1.573616964338275581e+00
1.556895736426094912e+00
1.555472107736382448e+00
1.518115275570312894e+00
1.552936798418752984e+00
1.521168777715361964e+00
1.513345401378964228e+00
1.497323620472508887e+00
1.495425976314119110e+00
1.479286894836967514e+00
1.466674888754632589e+00
1.480015023968524357e+00
1.483269760461978670e+00
1.462829168863277074e+00
1.432735781963005328e+00
1.423247437931703052e+00
1.431785223450186662e+00
1.446646505711125297e+00
1.440646684435753500e+00
1.423926914923089537e+00
1.442238352482507535e+00
1.409264746673047464e+00
1.435376471083578576e+00
1.441815553765751545e+00
1.446674797968577453e+00
1.389626065406386557e+00
1.384225263194186706e+00
1.360300888718585011e+00
1.424657935625480043e+00
1.362573106438828230e+00
1.335980752660584914e+00
1.366328701286238623e+00
1.369219765460031768e+00
1.325707574080905005e+00
1.309414517323337357e+00
1.359773738550285493e+00
1.342674645199172900e+00
1.297923795269340097e+00
1.383696733212615992e+00
1.295005325613350688e+00
1.318573131562891243e+00
1.289249795606766558e+00
1.329918968185852979e+00
1.305313793850396475e+00
1.309536323263646773e+00
1.307874529969458521e+00
1.304401175285852643e+00
1.305677159320993708e+00
1.293740404506564801e+00
1.291242508206357886e+00
1.322272973337876412e+00
1.261870283222907840e+00
1.295285530232190174e+00
1.288116521896584210e+00
1.253322417708649050e+00
1.307868554029535613e+00
1.228214365715429190e+00
1.261922729023410517e+00
1.250697001643564565e+00
1.288110435532910936e+00
1.269558066125654472e+00
1.254430791910956966e+00
1.248296740935250115e+00
1.267500768729848959e+00
1.217115677475042679e+00
1.244907897094200466e+00
1.229234015159787585e+00
1.198505020609089033e+00
1.240916548104121775e+00
1.243682351847449352e+00
1.237840828982618158e+00
1.228636449861558733e+00
1.223579130034095241e+00
1.230776393631167087e+00
1.211825543436510833e+00
1.205998949943320575e+00
1.179915395034496051e+00
1.219173278092854362e+00
1.193461663582745746e+00
1.205048001400919944e+00
1.208069582538398468e+00
